[STATUS COMPLETE] Lambda =  0.0
[0.9683829  0.9668779  0.96756669 0.96575374 0.96557827 0.92324561
 0.92480502]
[STATUS COMPLETE] Lambda =  0.001
[0.93230899 0.93298176 0.93548584 0.92733453 0.93008838 0.89494391
 0.8879295 ]
[STATUS COMPLETE] Lambda =  0.002
[0.90958904 0.91100833 0.91385963 0.90233068 0.90304578 0.8909315
 0.88244388]
[STATUS COMPLETE] Lambda =  0.003
[0.89523024 0.89687979 0.89888123 0.88752974 0.88630136 0.88199303
 0.87627085]
[STATUS COMPLETE] Lambda =  0.004
[0.88560978 0.88729435 0.88858825 0.87839305 0.87582024 0.87275604
 0.87061444]
[STATUS COMPLETE] Lambda =  0.005
[0.87857191 0.88006541 0.88067838 0.8719288  0.86835748 0.86420367
 0.86531075]
[STATUS COMPLETE] Lambda =  0.006
[0.87266864 0.87386769 0.874113   0.86665699 0.86226293 0.8562203
 0.86041649]
[STATUS COMPLETE] Lambda =  0.007
[0.8673079  0.86826729 0.86821994 0.8620739  0.85690374 0.84868824
 0.85567682]
[STATUS COMPLETE] Lambda =  0.008
[0.86213567 0.86302204 0.86273472 0.85782633 0.85203753 0.84132511
 0.85095407]
[STATUS COMPLETE] Lambda =  0.009000000000000001
[0.85696927 0.85788127 0.85732408 0.85366752 0.84739932 0.83413187
 0.84618753]
[STATUS COMPLETE] Lambda =  0.01
[0.85176016 0.85264188 0.8519568  0.84952361 0.84280855 0.82696737
 0.84134483]
[STATUS COMPLETE] Lambda =  0.010000000000000002
[0.85176016 0.85264188 0.8519568  0.84952361 0.84280855 0.82696737
 0.84134483]
[STATUS COMPLETE] Lambda =  0.02
[0.79191098 0.79174466 0.7903325  0.79995149 0.79046317 0.75157149
 0.78338328]
[STATUS COMPLETE] Lambda =  0.03
[0.71611802 0.71483258 0.71319774 0.73254353 0.72162653 0.66972094
 0.70856382]
[STATUS COMPLETE] Lambda =  0.04
[0.62874366 0.62650232 0.62513769 0.64959342 0.63809045 0.58265497
 0.62195332]
[STATUS COMPLETE] Lambda =  0.05
[0.53495436 0.53170959 0.53130671 0.55551686 0.54390037 0.49340537
 0.5285572 ]
[STATUS COMPLETE] Lambda =  0.060000000000000005
[0.43997759 0.43533125 0.43634859 0.45679395 0.44536315 0.40434719
 0.43304455]
[STATUS COMPLETE] Lambda =  0.06999999999999999
[0.34813456 0.342747   0.34497798 0.3602649  0.34925012 0.31873806
 0.34100404]
[STATUS COMPLETE] Lambda =  0.08
[0.26399621 0.25836924 0.26154333 0.27115618 0.26085889 0.24055757
 0.25689248]
[STATUS COMPLETE] Lambda =  0.09
[0.1890538  0.18294743 0.18703186 0.19153296 0.18208391 0.1707362
 0.18167895]
[STATUS COMPLETE] Lambda =  0.1
[0.12600547 0.11958576 0.12446317 0.12475573 0.11600739 0.1118944
 0.11854756]
[STATUS COMPLETE] Lambda =  0.2
[-0.00800622 -0.01398374 -0.00836287 -0.0140837  -0.02224342 -0.01643754
 -0.01461599]
[STATUS COMPLETE] Lambda =  0.30000000000000004
[-0.00800622 -0.01398374 -0.00836287 -0.0140837  -0.02224342 -0.01643754
 -0.01461599]
[STATUS COMPLETE] Lambda =  0.4
[-0.00800622 -0.01398374 -0.00836287 -0.0140837  -0.02224342 -0.01643754
 -0.01461599]
[STATUS COMPLETE] Lambda =  0.5
[-0.00800622 -0.01398374 -0.00836287 -0.0140837  -0.02224342 -0.01643754
 -0.01461599]
[STATUS COMPLETE] Lambda =  0.6000000000000001
[-0.00800622 -0.01398374 -0.00836287 -0.0140837  -0.02224342 -0.01643754
 -0.01461599]
[STATUS COMPLETE] Lambda =  0.7000000000000001
[-0.00800622 -0.01398374 -0.00836287 -0.0140837  -0.02224342 -0.01643754
 -0.01461599]
[STATUS COMPLETE] Lambda =  0.8
[-0.00800622 -0.01398374 -0.00836287 -0.0140837  -0.02224342 -0.01643754
 -0.01461599]
[STATUS COMPLETE] Lambda =  0.9
[-0.00800622 -0.01398374 -0.00836287 -0.0140837  -0.02224342 -0.01643754
 -0.01461599]
[STATUS COMPLETE] Lambda =  1.0
[-0.00800622 -0.01398374 -0.00836287 -0.0140837  -0.02224342 -0.01643754
 -0.01461599]
              0         1         2         3         4         5         6
0.000  0.968383  0.966878  0.967567  0.965754  0.965578  0.923246  0.924805
0.001  0.932309  0.932982  0.935486  0.927335  0.930088  0.894944  0.887930
0.002  0.909589  0.911008  0.913860  0.902331  0.903046  0.890932  0.882444
0.003  0.895230  0.896880  0.898881  0.887530  0.886301  0.881993  0.876271
0.004  0.885610  0.887294  0.888588  0.878393  0.875820  0.872756  0.870614
0.005  0.878572  0.880065  0.880678  0.871929  0.868357  0.864204  0.865311
0.006  0.872669  0.873868  0.874113  0.866657  0.862263  0.856220  0.860416
0.007  0.867308  0.868267  0.868220  0.862074  0.856904  0.848688  0.855677
0.008  0.862136  0.863022  0.862735  0.857826  0.852038  0.841325  0.850954
0.009  0.856969  0.857881  0.857324  0.853668  0.847399  0.834132  0.846188
0.010  0.851760  0.852642  0.851957  0.849524  0.842809  0.826967  0.841345
0.010  0.851760  0.852642  0.851957  0.849524  0.842809  0.826967  0.841345
0.020  0.791911  0.791745  0.790333  0.799951  0.790463  0.751571  0.783383
0.030  0.716118  0.714833  0.713198  0.732544  0.721627  0.669721  0.708564
0.040  0.628744  0.626502  0.625138  0.649593  0.638090  0.582655  0.621953
0.050  0.534954  0.531710  0.531307  0.555517  0.543900  0.493405  0.528557
0.060  0.439978  0.435331  0.436349  0.456794  0.445363  0.404347  0.433045
0.070  0.348135  0.342747  0.344978  0.360265  0.349250  0.318738  0.341004
0.080  0.263996  0.258369  0.261543  0.271156  0.260859  0.240558  0.256892
0.090  0.189054  0.182947  0.187032  0.191533  0.182084  0.170736  0.181679
0.100  0.126005  0.119586  0.124463  0.124756  0.116007  0.111894  0.118548
0.200 -0.008006 -0.013984 -0.008363 -0.014084 -0.022243 -0.016438 -0.014616
0.300 -0.008006 -0.013984 -0.008363 -0.014084 -0.022243 -0.016438 -0.014616
0.400 -0.008006 -0.013984 -0.008363 -0.014084 -0.022243 -0.016438 -0.014616
0.500 -0.008006 -0.013984 -0.008363 -0.014084 -0.022243 -0.016438 -0.014616
0.600 -0.008006 -0.013984 -0.008363 -0.014084 -0.022243 -0.016438 -0.014616
0.700 -0.008006 -0.013984 -0.008363 -0.014084 -0.022243 -0.016438 -0.014616
0.800 -0.008006 -0.013984 -0.008363 -0.014084 -0.022243 -0.016438 -0.014616
0.900 -0.008006 -0.013984 -0.008363 -0.014084 -0.022243 -0.016438 -0.014616
1.000 -0.008006 -0.013984 -0.008363 -0.014084 -0.022243 -0.016438 -0.014616
====================================================================================
 ALL COMBINED STATS:
              0         1         2         3         4         5         6
0.000  0.968383  0.966878  0.967567  0.965754  0.965578  0.923246  0.924805
0.001  0.932309  0.932982  0.935486  0.927335  0.930088  0.894944  0.887930
0.002  0.909589  0.911008  0.913860  0.902331  0.903046  0.890932  0.882444
0.003  0.895230  0.896880  0.898881  0.887530  0.886301  0.881993  0.876271
0.004  0.885610  0.887294  0.888588  0.878393  0.875820  0.872756  0.870614
0.005  0.878572  0.880065  0.880678  0.871929  0.868357  0.864204  0.865311
0.006  0.872669  0.873868  0.874113  0.866657  0.862263  0.856220  0.860416
0.007  0.867308  0.868267  0.868220  0.862074  0.856904  0.848688  0.855677
0.008  0.862136  0.863022  0.862735  0.857826  0.852038  0.841325  0.850954
0.009  0.856969  0.857881  0.857324  0.853668  0.847399  0.834132  0.846188
0.010  0.851760  0.852642  0.851957  0.849524  0.842809  0.826967  0.841345
0.010  0.851760  0.852642  0.851957  0.849524  0.842809  0.826967  0.841345
0.020  0.791911  0.791745  0.790333  0.799951  0.790463  0.751571  0.783383
0.030  0.716118  0.714833  0.713198  0.732544  0.721627  0.669721  0.708564
0.040  0.628744  0.626502  0.625138  0.649593  0.638090  0.582655  0.621953
0.050  0.534954  0.531710  0.531307  0.555517  0.543900  0.493405  0.528557
0.060  0.439978  0.435331  0.436349  0.456794  0.445363  0.404347  0.433045
0.070  0.348135  0.342747  0.344978  0.360265  0.349250  0.318738  0.341004
0.080  0.263996  0.258369  0.261543  0.271156  0.260859  0.240558  0.256892
0.090  0.189054  0.182947  0.187032  0.191533  0.182084  0.170736  0.181679
0.100  0.126005  0.119586  0.124463  0.124756  0.116007  0.111894  0.118548
0.200 -0.008006 -0.013984 -0.008363 -0.014084 -0.022243 -0.016438 -0.014616
0.300 -0.008006 -0.013984 -0.008363 -0.014084 -0.022243 -0.016438 -0.014616
0.400 -0.008006 -0.013984 -0.008363 -0.014084 -0.022243 -0.016438 -0.014616
0.500 -0.008006 -0.013984 -0.008363 -0.014084 -0.022243 -0.016438 -0.014616
0.600 -0.008006 -0.013984 -0.008363 -0.014084 -0.022243 -0.016438 -0.014616
0.700 -0.008006 -0.013984 -0.008363 -0.014084 -0.022243 -0.016438 -0.014616
0.800 -0.008006 -0.013984 -0.008363 -0.014084 -0.022243 -0.016438 -0.014616
0.900 -0.008006 -0.013984 -0.008363 -0.014084 -0.022243 -0.016438 -0.014616
1.000 -0.008006 -0.013984 -0.008363 -0.014084 -0.022243 -0.016438 -0.014616
====================================================================================
[NOTE] Optimal model was without Lasso regularization
    r2_Xfs_1step  r2_Xfs_nstep  r2_Xf_1step  r2_Xf_nstep
5       1.000000      1.000000     1.000000     1.000000
10      1.000000      1.000000     1.000000     1.000000
7       1.000000      1.000000     1.000000     1.000000
15      1.000000      1.000000     1.000000     1.000000
11      1.000000      1.000000     1.000000     1.000000
2       1.000000      1.000000     1.000000     1.000000
4       1.000000      1.000000     1.000000     1.000000
1       1.000000      1.000000     1.000000     1.000000
0       1.000000      1.000000     1.000000     1.000000
6       1.000000      1.000000     1.000000     1.000000
9       1.000000      1.000000     1.000000     1.000000
14      1.000000      1.000000     1.000000     1.000000
13      0.884259      0.895298     0.991199     0.991381
3       0.964660      0.973003     0.996484     0.997821
12      0.887444      0.897975     0.992125     0.991823
8       0.971117      0.978574     0.996831     0.998100
-------------------------
    train_X_1step  valid_X_1step  test_X_1step  train_X_nstep  valid_X_nstep  \
MX            1.0       0.993842      0.994478            1.0       0.994601   

    test_X_nstep  
MX      0.994961  
