[STATUS COMPLETE] Lambda =  0.0
[0.99498057 0.99534654 0.99531696 0.99297589 0.99404392 0.99571392
 0.99588665]
[STATUS COMPLETE] Lambda =  0.001
[0.99706124 0.99851764 0.99561968 0.98765531 0.99490163 0.99427551
 0.9980557 ]
[STATUS COMPLETE] Lambda =  0.002
[0.99532185 0.99867924 0.99527777 0.98667599 0.9919656  0.99342617
 0.99672361]
[STATUS COMPLETE] Lambda =  0.003
[0.99208081 0.99856519 0.99498359 0.98610995 0.98914102 0.99265075
 0.99525458]
[STATUS COMPLETE] Lambda =  0.004
[0.98887554 0.99818641 0.99455141 0.98519641 0.98640469 0.99182775
 0.99384229]
[STATUS COMPLETE] Lambda =  0.005
[0.98620145 0.99775809 0.99397898 0.98408589 0.98380035 0.99082513
 0.99227514]
[STATUS COMPLETE] Lambda =  0.006
[0.98341992 0.99711977 0.99329228 0.98282682 0.98108583 0.98961673
 0.99046811]
[STATUS COMPLETE] Lambda =  0.007
[0.98060499 0.9962258  0.99241656 0.98141825 0.97842615 0.98820571
 0.98846736]
[STATUS COMPLETE] Lambda =  0.008
[0.97791267 0.99517143 0.99129393 0.97987306 0.97574703 0.98663112
 0.98634499]
[STATUS COMPLETE] Lambda =  0.009000000000000001
[0.97527053 0.99385846 0.98997882 0.97813433 0.97295926 0.98486773
 0.98410926]
[STATUS COMPLETE] Lambda =  0.010000000000000002
[0.97257884 0.99230026 0.98839262 0.97621449 0.96997448 0.9828979
 0.98170783]
[STATUS COMPLETE] Lambda =  0.02
[0.93938137 0.96576702 0.96164988 0.94638171 0.93292292 0.95607251
 0.94837925]
[STATUS COMPLETE] Lambda =  0.025
[0.91793211 0.94673164 0.94289493 0.92499871 0.91019169 0.93738343
 0.9267093 ]
[STATUS COMPLETE] Lambda =  0.030000000000000002
[0.89340212 0.92437252 0.92026248 0.90002989 0.8846991  0.91432567
 0.90176633]
[STATUS COMPLETE] Lambda =  0.035
[0.8660106  0.89842123 0.89439892 0.87243608 0.85581817 0.88824576
 0.87401725]
[STATUS COMPLETE] Lambda =  0.04000000000000001
[0.8364154  0.86905763 0.86528994 0.84190389 0.82466339 0.85882327
 0.84322606]
[STATUS COMPLETE] Lambda =  0.045000000000000005
[0.80499855 0.83691457 0.83331442 0.80916765 0.79194479 0.82662085
 0.81053998]
[STATUS COMPLETE] Lambda =  0.05
[0.77188775 0.80334943 0.79938303 0.77478961 0.75810674 0.79244528
 0.77649932]
[STATUS COMPLETE] Lambda =  0.05500000000000001
[0.73720774 0.76843719 0.7641181  0.73935272 0.72334812 0.75686841
 0.74119355]
[STATUS COMPLETE] Lambda =  0.06000000000000001
[0.70134178 0.73226973 0.72790357 0.70306476 0.68790961 0.72030064
 0.7048041 ]
[STATUS COMPLETE] Lambda =  0.06500000000000002
[0.66279776 0.69316203 0.68881514 0.66415794 0.64978089 0.68088172
 0.66588374]
[STATUS COMPLETE] Lambda =  0.07
[0.62108197 0.6505097  0.6464147  0.62224199 0.60881539 0.63816356
 0.62392665]
[STATUS COMPLETE] Lambda =  0.07500000000000001
[0.57635692 0.60429596 0.60069866 0.57731744 0.56502442 0.59215663
 0.57893759]
[STATUS COMPLETE] Lambda =  0.08000000000000002
[0.52866513 0.55506415 0.55235708 0.53009748 0.51860026 0.54463084
 0.53155806]
[STATUS COMPLETE] Lambda =  0.08500000000000002
[0.47959097 0.5043969  0.50277127 0.48186185 0.47104103 0.49593808
 0.48323746]
[STATUS COMPLETE] Lambda =  0.09000000000000001
[0.43025021 0.45233051 0.45136025 0.43195309 0.42202945 0.44637353
 0.43345541]
[STATUS COMPLETE] Lambda =  0.09500000000000001
[0.38076278 0.4011957  0.39934126 0.38135742 0.3722856  0.39610785
 0.38314676]
[STATUS COMPLETE] Lambda =  0.1
[0.32940532 0.34796837 0.34555386 0.32928817 0.32147822 0.34386916
 0.331391  ]
[STATUS COMPLETE] Lambda =  0.2
[-4.41286539e-04 -7.50973595e-05 -2.93243938e-03 -7.91699708e-03
 -1.45663655e-03 -3.37536851e-04 -9.09465678e-06]
[STATUS COMPLETE] Lambda =  0.30000000000000004
[-4.41286539e-04 -7.50973595e-05 -2.93243938e-03 -7.91699708e-03
 -1.45663655e-03 -3.37536851e-04 -9.09465678e-06]
[STATUS COMPLETE] Lambda =  0.4
[-4.41286539e-04 -7.50973595e-05 -2.93243938e-03 -7.91699708e-03
 -1.45663655e-03 -3.37536851e-04 -9.09465678e-06]
[STATUS COMPLETE] Lambda =  0.5
[-4.41286539e-04 -7.50973595e-05 -2.93243938e-03 -7.91699708e-03
 -1.45663655e-03 -3.37536851e-04 -9.09465678e-06]
[STATUS COMPLETE] Lambda =  0.6000000000000001
[-4.41286539e-04 -7.50973595e-05 -2.93243938e-03 -7.91699708e-03
 -1.45663655e-03 -3.37536851e-04 -9.09465678e-06]
[STATUS COMPLETE] Lambda =  0.7000000000000001
[-4.41286539e-04 -7.50973595e-05 -2.93243938e-03 -7.91699708e-03
 -1.45663655e-03 -3.37536851e-04 -9.09465678e-06]
[STATUS COMPLETE] Lambda =  0.8
[-4.41286539e-04 -7.50973595e-05 -2.93243938e-03 -7.91699708e-03
 -1.45663655e-03 -3.37536851e-04 -9.09465678e-06]
[STATUS COMPLETE] Lambda =  0.9
[-4.41286539e-04 -7.50973595e-05 -2.93243938e-03 -7.91699708e-03
 -1.45663655e-03 -3.37536851e-04 -9.09465678e-06]
[STATUS COMPLETE] Lambda =  1.0
[-4.41286539e-04 -7.50973595e-05 -2.93243938e-03 -7.91699708e-03
 -1.45663655e-03 -3.37536851e-04 -9.09465678e-06]
              0         1         2         3         4         5         6
0.000  0.994981  0.995347  0.995317  0.992976  0.994044  0.995714  0.995887
0.001  0.997061  0.998518  0.995620  0.987655  0.994902  0.994276  0.998056
0.002  0.995322  0.998679  0.995278  0.986676  0.991966  0.993426  0.996724
0.003  0.992081  0.998565  0.994984  0.986110  0.989141  0.992651  0.995255
0.004  0.988876  0.998186  0.994551  0.985196  0.986405  0.991828  0.993842
0.005  0.986201  0.997758  0.993979  0.984086  0.983800  0.990825  0.992275
0.006  0.983420  0.997120  0.993292  0.982827  0.981086  0.989617  0.990468
0.007  0.980605  0.996226  0.992417  0.981418  0.978426  0.988206  0.988467
0.008  0.977913  0.995171  0.991294  0.979873  0.975747  0.986631  0.986345
0.009  0.975271  0.993858  0.989979  0.978134  0.972959  0.984868  0.984109
0.010  0.972579  0.992300  0.988393  0.976214  0.969974  0.982898  0.981708
0.020  0.939381  0.965767  0.961650  0.946382  0.932923  0.956073  0.948379
0.025  0.917932  0.946732  0.942895  0.924999  0.910192  0.937383  0.926709
0.030  0.893402  0.924373  0.920262  0.900030  0.884699  0.914326  0.901766
0.035  0.866011  0.898421  0.894399  0.872436  0.855818  0.888246  0.874017
0.040  0.836415  0.869058  0.865290  0.841904  0.824663  0.858823  0.843226
0.045  0.804999  0.836915  0.833314  0.809168  0.791945  0.826621  0.810540
0.050  0.771888  0.803349  0.799383  0.774790  0.758107  0.792445  0.776499
0.055  0.737208  0.768437  0.764118  0.739353  0.723348  0.756868  0.741194
0.060  0.701342  0.732270  0.727904  0.703065  0.687910  0.720301  0.704804
0.065  0.662798  0.693162  0.688815  0.664158  0.649781  0.680882  0.665884
0.070  0.621082  0.650510  0.646415  0.622242  0.608815  0.638164  0.623927
0.075  0.576357  0.604296  0.600699  0.577317  0.565024  0.592157  0.578938
0.080  0.528665  0.555064  0.552357  0.530097  0.518600  0.544631  0.531558
0.085  0.479591  0.504397  0.502771  0.481862  0.471041  0.495938  0.483237
0.090  0.430250  0.452331  0.451360  0.431953  0.422029  0.446374  0.433455
0.095  0.380763  0.401196  0.399341  0.381357  0.372286  0.396108  0.383147
0.100  0.329405  0.347968  0.345554  0.329288  0.321478  0.343869  0.331391
0.200 -0.000441 -0.000075 -0.002932 -0.007917 -0.001457 -0.000338 -0.000009
0.300 -0.000441 -0.000075 -0.002932 -0.007917 -0.001457 -0.000338 -0.000009
0.400 -0.000441 -0.000075 -0.002932 -0.007917 -0.001457 -0.000338 -0.000009
0.500 -0.000441 -0.000075 -0.002932 -0.007917 -0.001457 -0.000338 -0.000009
0.600 -0.000441 -0.000075 -0.002932 -0.007917 -0.001457 -0.000338 -0.000009
0.700 -0.000441 -0.000075 -0.002932 -0.007917 -0.001457 -0.000338 -0.000009
0.800 -0.000441 -0.000075 -0.002932 -0.007917 -0.001457 -0.000338 -0.000009
0.900 -0.000441 -0.000075 -0.002932 -0.007917 -0.001457 -0.000338 -0.000009
1.000 -0.000441 -0.000075 -0.002932 -0.007917 -0.001457 -0.000338 -0.000009
====================================================================================
 ALL COMBINED STATS:
              0         1         2         3         4         5         6
0.000  0.994981  0.995347  0.995317  0.992976  0.994044  0.995714  0.995887
0.001  0.997061  0.998518  0.995620  0.987655  0.994902  0.994276  0.998056
0.002  0.995322  0.998679  0.995278  0.986676  0.991966  0.993426  0.996724
0.003  0.992081  0.998565  0.994984  0.986110  0.989141  0.992651  0.995255
0.004  0.988876  0.998186  0.994551  0.985196  0.986405  0.991828  0.993842
0.005  0.986201  0.997758  0.993979  0.984086  0.983800  0.990825  0.992275
0.006  0.983420  0.997120  0.993292  0.982827  0.981086  0.989617  0.990468
0.007  0.980605  0.996226  0.992417  0.981418  0.978426  0.988206  0.988467
0.008  0.977913  0.995171  0.991294  0.979873  0.975747  0.986631  0.986345
0.009  0.975271  0.993858  0.989979  0.978134  0.972959  0.984868  0.984109
0.010  0.972579  0.992300  0.988393  0.976214  0.969974  0.982898  0.981708
0.020  0.939381  0.965767  0.961650  0.946382  0.932923  0.956073  0.948379
0.025  0.917932  0.946732  0.942895  0.924999  0.910192  0.937383  0.926709
0.030  0.893402  0.924373  0.920262  0.900030  0.884699  0.914326  0.901766
0.035  0.866011  0.898421  0.894399  0.872436  0.855818  0.888246  0.874017
0.040  0.836415  0.869058  0.865290  0.841904  0.824663  0.858823  0.843226
0.045  0.804999  0.836915  0.833314  0.809168  0.791945  0.826621  0.810540
0.050  0.771888  0.803349  0.799383  0.774790  0.758107  0.792445  0.776499
0.055  0.737208  0.768437  0.764118  0.739353  0.723348  0.756868  0.741194
0.060  0.701342  0.732270  0.727904  0.703065  0.687910  0.720301  0.704804
0.065  0.662798  0.693162  0.688815  0.664158  0.649781  0.680882  0.665884
0.070  0.621082  0.650510  0.646415  0.622242  0.608815  0.638164  0.623927
0.075  0.576357  0.604296  0.600699  0.577317  0.565024  0.592157  0.578938
0.080  0.528665  0.555064  0.552357  0.530097  0.518600  0.544631  0.531558
0.085  0.479591  0.504397  0.502771  0.481862  0.471041  0.495938  0.483237
0.090  0.430250  0.452331  0.451360  0.431953  0.422029  0.446374  0.433455
0.095  0.380763  0.401196  0.399341  0.381357  0.372286  0.396108  0.383147
0.100  0.329405  0.347968  0.345554  0.329288  0.321478  0.343869  0.331391
0.200 -0.000441 -0.000075 -0.002932 -0.007917 -0.001457 -0.000338 -0.000009
0.300 -0.000441 -0.000075 -0.002932 -0.007917 -0.001457 -0.000338 -0.000009
0.400 -0.000441 -0.000075 -0.002932 -0.007917 -0.001457 -0.000338 -0.000009
0.500 -0.000441 -0.000075 -0.002932 -0.007917 -0.001457 -0.000338 -0.000009
0.600 -0.000441 -0.000075 -0.002932 -0.007917 -0.001457 -0.000338 -0.000009
0.700 -0.000441 -0.000075 -0.002932 -0.007917 -0.001457 -0.000338 -0.000009
0.800 -0.000441 -0.000075 -0.002932 -0.007917 -0.001457 -0.000338 -0.000009
0.900 -0.000441 -0.000075 -0.002932 -0.007917 -0.001457 -0.000338 -0.000009
1.000 -0.000441 -0.000075 -0.002932 -0.007917 -0.001457 -0.000338 -0.000009
====================================================================================
       r2_Ys      r2_Y
11  0.999192  0.999239
9   0.998334  0.998398
5   0.999534  0.999574
7   0.999029  0.999060
3   0.996979  0.997065
6   0.998447  0.998509
8   0.988938  0.989351
4   0.999013  0.999059
10  0.996128  0.996274
13  0.998287  0.998363
2   0.996923  0.996996
0   0.994633  0.994809
1   0.999155  0.999170
12  0.997074  0.997170
14  0.995058  0.995290
15  0.995026  0.995217
-------------------------
     train_Y  valid_Y    test_Y
MX  0.997225  0.99817  0.995253
