[STATUS COMPLETE] Lambda =  0.0
[0.98243443 0.98420314 0.9841702  0.98627237 0.98414916 0.98530484
 0.98629713]
[STATUS COMPLETE] Lambda =  0.02
[0.82660896 0.87090185 0.87683385 0.86314811 0.8353881  0.87107714
 0.86667535]
[STATUS COMPLETE] Lambda =  0.025
[0.79295306 0.8421972  0.84793405 0.83170693 0.80183644 0.84218618
 0.83621696]
[STATUS COMPLETE] Lambda =  0.030000000000000002
[0.75700354 0.80930301 0.81503412 0.7971335  0.76623536 0.80958471
 0.80244335]
[STATUS COMPLETE] Lambda =  0.035
[0.71897589 0.77246137 0.77839682 0.75952228 0.72825647 0.77327633
 0.7656568 ]
[STATUS COMPLETE] Lambda =  0.04000000000000001
[0.67884282 0.73220379 0.73824542 0.71892632 0.68842523 0.73337057
 0.72567819]
[STATUS COMPLETE] Lambda =  0.045000000000000005
[0.63710557 0.68893431 0.69507181 0.67611701 0.64689294 0.69063031
 0.68322272]
[STATUS COMPLETE] Lambda =  0.05
[0.59374286 0.64291445 0.64929858 0.6312781  0.60371784 0.64532467
 0.63856142]
[STATUS COMPLETE] Lambda =  0.05500000000000001
[0.54911942 0.59465646 0.6012345  0.58467249 0.55891752 0.59759351
 0.59177871]
[STATUS COMPLETE] Lambda =  0.06000000000000001
[0.50342466 0.54503623 0.55177625 0.53667864 0.51303588 0.54843442
 0.5436019 ]
[STATUS COMPLETE] Lambda =  0.06500000000000002
[0.45699223 0.49483359 0.50174675 0.48828538 0.46639895 0.49849841
 0.49482402]
[STATUS COMPLETE] Lambda =  0.07
[0.41073641 0.44432775 0.45143508 0.43966168 0.41984652 0.44815342
 0.44585927]
[STATUS COMPLETE] Lambda =  0.07500000000000001
[0.36506225 0.39429027 0.40157031 0.39167597 0.3740085  0.39846752
 0.39762388]
[STATUS COMPLETE] Lambda =  0.08000000000000002
[0.3207223  0.34529212 0.352684   0.34471963 0.32940589 0.34945774
 0.35055778]
[STATUS COMPLETE] Lambda =  0.08500000000000002
[0.27771721 0.29780835 0.30554254 0.29910857 0.28616066 0.30219153
 0.30486343]
[STATUS COMPLETE] Lambda =  0.09000000000000001
[0.23640866 0.25269307 0.26085746 0.25571873 0.24453129 0.25720542
 0.2612891 ]
[STATUS COMPLETE] Lambda =  0.09500000000000001
[0.19791918 0.21014336 0.21861602 0.21507158 0.20590336 0.21477921
 0.22054227]
[STATUS COMPLETE] Lambda =  0.1
[0.16214726 0.17071563 0.179314   0.17703123 0.16984901 0.17536374
 0.18257637]
[STATUS COMPLETE] Lambda =  0.2
[-0.01871707 -0.01743703 -0.00867214 -0.01023021 -0.01292127 -0.01532204
 -0.00334466]
[STATUS COMPLETE] Lambda =  0.30000000000000004
[-0.01871707 -0.01743703 -0.00867214 -0.01023021 -0.01292127 -0.01532204
 -0.00334466]
[STATUS COMPLETE] Lambda =  0.4
[-0.01871707 -0.01743703 -0.00867214 -0.01023021 -0.01292127 -0.01532204
 -0.00334466]
[STATUS COMPLETE] Lambda =  0.5
[-0.01871707 -0.01743703 -0.00867214 -0.01023021 -0.01292127 -0.01532204
 -0.00334466]
[STATUS COMPLETE] Lambda =  0.6000000000000001
[-0.01871707 -0.01743703 -0.00867214 -0.01023021 -0.01292127 -0.01532204
 -0.00334466]
[STATUS COMPLETE] Lambda =  0.7000000000000001
[-0.01871707 -0.01743703 -0.00867214 -0.01023021 -0.01292127 -0.01532204
 -0.00334466]
[STATUS COMPLETE] Lambda =  0.8
[-0.01871707 -0.01743703 -0.00867214 -0.01023021 -0.01292127 -0.01532204
 -0.00334466]
[STATUS COMPLETE] Lambda =  0.9
[-0.01871707 -0.01743703 -0.00867214 -0.01023021 -0.01292127 -0.01532204
 -0.00334466]
[STATUS COMPLETE] Lambda =  1.0
[-0.01871707 -0.01743703 -0.00867214 -0.01023021 -0.01292127 -0.01532204
 -0.00334466]
              0         1         2         3         4         5         6
0.000  0.982434  0.984203  0.984170  0.986272  0.984149  0.985305  0.986297
0.020  0.826609  0.870902  0.876834  0.863148  0.835388  0.871077  0.866675
0.025  0.792953  0.842197  0.847934  0.831707  0.801836  0.842186  0.836217
0.030  0.757004  0.809303  0.815034  0.797134  0.766235  0.809585  0.802443
0.035  0.718976  0.772461  0.778397  0.759522  0.728256  0.773276  0.765657
0.040  0.678843  0.732204  0.738245  0.718926  0.688425  0.733371  0.725678
0.045  0.637106  0.688934  0.695072  0.676117  0.646893  0.690630  0.683223
0.050  0.593743  0.642914  0.649299  0.631278  0.603718  0.645325  0.638561
0.055  0.549119  0.594656  0.601234  0.584672  0.558918  0.597594  0.591779
0.060  0.503425  0.545036  0.551776  0.536679  0.513036  0.548434  0.543602
0.065  0.456992  0.494834  0.501747  0.488285  0.466399  0.498498  0.494824
0.070  0.410736  0.444328  0.451435  0.439662  0.419847  0.448153  0.445859
0.075  0.365062  0.394290  0.401570  0.391676  0.374008  0.398468  0.397624
0.080  0.320722  0.345292  0.352684  0.344720  0.329406  0.349458  0.350558
0.085  0.277717  0.297808  0.305543  0.299109  0.286161  0.302192  0.304863
0.090  0.236409  0.252693  0.260857  0.255719  0.244531  0.257205  0.261289
0.095  0.197919  0.210143  0.218616  0.215072  0.205903  0.214779  0.220542
0.100  0.162147  0.170716  0.179314  0.177031  0.169849  0.175364  0.182576
0.200 -0.018717 -0.017437 -0.008672 -0.010230 -0.012921 -0.015322 -0.003345
0.300 -0.018717 -0.017437 -0.008672 -0.010230 -0.012921 -0.015322 -0.003345
0.400 -0.018717 -0.017437 -0.008672 -0.010230 -0.012921 -0.015322 -0.003345
0.500 -0.018717 -0.017437 -0.008672 -0.010230 -0.012921 -0.015322 -0.003345
0.600 -0.018717 -0.017437 -0.008672 -0.010230 -0.012921 -0.015322 -0.003345
0.700 -0.018717 -0.017437 -0.008672 -0.010230 -0.012921 -0.015322 -0.003345
0.800 -0.018717 -0.017437 -0.008672 -0.010230 -0.012921 -0.015322 -0.003345
0.900 -0.018717 -0.017437 -0.008672 -0.010230 -0.012921 -0.015322 -0.003345
1.000 -0.018717 -0.017437 -0.008672 -0.010230 -0.012921 -0.015322 -0.003345
[NOTE] Optimal model was without Lasso regularization
    r2_Xfs_1step  r2_Xfs_nstep  r2_Xf_1step  r2_Xf_nstep
11      1.000000      1.000000     1.000000     1.000000
9       1.000000      1.000000     1.000000     1.000000
5       1.000000      1.000000     1.000000     1.000000
7       1.000000      1.000000     1.000000     1.000000
3       1.000000      1.000000     1.000000     1.000000
6       1.000000      1.000000     1.000000     1.000000
8       1.000000      1.000000     1.000000     1.000000
4       1.000000      1.000000     1.000000     1.000000
10      1.000000      1.000000     1.000000     1.000000
13      1.000000      1.000000     1.000000     1.000000
2       1.000000      1.000000     1.000000     1.000000
0       1.000000      1.000000     1.000000     1.000000
1       0.984581      0.989843     0.996682     0.998253
12      0.987600      0.990834     0.998090     0.998082
14      0.944411      0.957459     0.992200     0.994920
15      0.944952      0.957099     0.991821     0.996235
-------------------------
    train_X_1step  valid_X_1step  test_X_1step  train_X_nstep  valid_X_nstep  \
MX            1.0       0.997386       0.99201            1.0       0.998168   

    test_X_nstep  
MX      0.995577  
