[INFO] Number of total samples: 3800
[INFO] Observable dimension of a sample: 11
[INFO] Xp.shape (E-DMD): (3800, 11)
[INFO] Yf.shape (E-DMD): (3800, 11)
Number of training snapshots: 1900
Number of validation snapshots: 1900
31
[array([[ 1.43963732e-02, -2.16457099e-01,  1.75383419e-01,
        -1.12907171e-01,  1.15132324e-01, -9.68402773e-02,
        -6.14313707e-02, -1.17958166e-01,  1.80111285e-02,
        -1.04533724e-01,  7.66063407e-02, -7.45657086e-02,
         3.58651951e-02, -1.08154126e-01, -1.73082471e-01,
         2.40699649e-02,  4.06037606e-02, -2.93026622e-02,
        -2.49112286e-02,  3.00225131e-02,  1.00281788e-02,
        -1.06534250e-01, -4.14749943e-02, -3.09938956e-02,
        -1.07582599e-01, -2.00953081e-01,  1.55072138e-01,
        -6.08646609e-02, -2.73636818e-01,  2.77549177e-02,
         9.27746668e-02],
       [ 2.51531154e-01,  2.71760553e-01, -2.38680109e-01,
         1.17402695e-01,  2.13379830e-01,  2.14155093e-01,
        -2.12194815e-01, -4.10267830e-01,  1.08838715e-01,
         5.20800278e-02,  3.99864286e-01, -9.63367969e-02,
         2.34729439e-01, -2.79910732e-02,  8.59798715e-02,
        -1.94383711e-01, -1.52779222e-01,  2.29697432e-02,
        -1.09380625e-01, -1.45678133e-01, -1.27421543e-01,
        -8.10530037e-02,  1.22202165e-01, -2.91803598e-01,
        -1.57013789e-01,  8.41968730e-02, -4.16176347e-03,
        -5.60707301e-02,  8.94889086e-02, -2.76415855e-01,
        -1.35682717e-01],
       [-1.50199562e-01, -3.16256359e-02, -9.99432877e-02,
         3.28431092e-02, -3.21139246e-02, -2.72445261e-01,
        -6.02161661e-02,  1.35659739e-01, -1.45289421e-01,
         1.20873071e-01,  4.73665670e-02, -1.05006322e-01,
        -3.43856439e-02, -8.74772370e-02, -1.25382572e-01,
         1.45866245e-01, -4.16982472e-02,  1.75280705e-01,
        -3.07834744e-02,  1.79778796e-03,  6.51850700e-02,
         3.53108943e-01,  8.63892436e-02, -3.22647840e-02,
        -2.04965323e-01, -2.96530146e-02,  2.08967969e-01,
        -1.59167439e-01,  1.07066743e-01, -3.98003936e-01,
         2.36709844e-02],
       [-3.73648554e-02,  2.82722972e-02, -1.53267622e-01,
        -3.10103875e-02,  1.10101081e-01, -1.34776877e-02,
        -1.54326871e-01,  1.43594444e-02,  4.99887466e-02,
         1.32119795e-02, -9.24470201e-02,  9.52871963e-02,
         2.01842990e-02, -1.43360034e-01, -8.41830894e-02,
         5.31315841e-02,  8.03422630e-02,  6.96683154e-02,
        -1.03876190e-02, -8.07734355e-02, -1.51988193e-01,
         3.03986371e-02,  8.38398039e-02,  8.16048309e-02,
        -8.25144500e-02,  1.07985228e-01,  2.48859748e-01,
         1.75654748e-03,  1.87032409e-02, -9.78906639e-03,
         5.74008152e-02],
       [-1.58805355e-01,  1.61879454e-02,  3.23127955e-02,
        -3.49266119e-02,  2.45167390e-01,  8.24203938e-02,
        -2.07924023e-01,  2.71086484e-01,  1.39874414e-01,
         2.26948619e-01, -3.19726616e-01, -8.33748132e-02,
         2.13146448e-01,  1.81225091e-01,  1.73312142e-01,
        -2.79957235e-01,  8.34151357e-02,  8.27119276e-02,
        -3.08772266e-01,  7.13631064e-02,  9.51715112e-02,
        -9.63960364e-02, -1.12354137e-01, -6.09969646e-02,
        -2.71062642e-01,  3.38868827e-01, -7.94121251e-02,
        -4.67555135e-01,  7.16643929e-02,  1.25026122e-01,
        -1.09416181e-02],
       [-2.94556171e-02, -1.58426791e-01,  1.47988304e-01,
         9.43068117e-02, -8.31265301e-02,  4.19000201e-02,
         3.36345524e-01,  3.78840119e-01, -2.62196541e-01,
         2.61886045e-02, -4.26859349e-01,  5.34165837e-02,
        -1.64603278e-01, -1.44645255e-02, -1.10324249e-01,
         1.11987755e-01,  1.08838476e-01, -2.97631435e-02,
         5.79115413e-02,  1.14953868e-01,  1.14689339e-02,
        -4.60975207e-02, -1.41870826e-01,  2.41901293e-01,
         1.44717500e-01, -2.48876736e-01,  2.23395266e-02,
        -1.77558716e-02,  1.99885175e-01,  1.20636851e-01,
         6.54197810e-03],
       [-8.88926908e-02, -1.61846116e-01, -1.81428641e-02,
         7.06419349e-02,  2.11561978e-01,  1.57425627e-01,
         3.08209151e-01,  3.35639156e-02,  8.38603228e-02,
        -3.81314605e-02, -1.78849742e-01, -1.54345319e-01,
         4.16273251e-02,  1.85290128e-01, -1.05562992e-01,
        -1.81270495e-01, -1.34066775e-01,  2.13712811e-01,
        -1.58446208e-01,  4.10083979e-02,  1.40895754e-01,
        -2.27631477e-04,  1.29141241e-01,  2.15486176e-02,
         6.01355173e-02, -7.51034990e-02, -2.33404651e-01,
         3.00309695e-02,  2.72606730e-01,  7.57314041e-02,
         1.30608678e-01],
       [ 3.73390280e-02,  1.68654174e-01, -2.30756715e-01,
         3.14942360e-01,  6.95880949e-02, -1.69380516e-01,
        -6.10306067e-03,  3.21421437e-02, -3.35644335e-02,
        -1.07904263e-01,  9.02049243e-03, -3.11305560e-02,
        -8.12237337e-02, -1.49382092e-02,  1.70353234e-01,
        -1.04471125e-01, -7.17052892e-02,  1.24144837e-01,
        -1.91240996e-01,  1.72167927e-01, -4.68144976e-02,
        -3.45649831e-02, -3.54140997e-01, -1.10131763e-01,
        -3.91175561e-02,  1.09416425e-01,  7.16157109e-02,
        -7.52215162e-02, -2.03583390e-01, -1.74228773e-01,
        -2.82370836e-01],
       [-1.68707848e-01,  3.20959315e-02,  2.57728279e-01,
        -2.63703048e-01,  1.35364473e-01,  3.67242657e-02,
         7.19945729e-02,  9.77635756e-02,  1.20736286e-01,
         1.74991965e-01,  6.84929937e-02, -6.45903125e-02,
        -1.30517781e-01, -4.87674586e-02, -6.14236295e-02,
         1.92906871e-01, -1.58785328e-01,  5.28446287e-02,
         1.25945359e-01, -1.24861576e-01,  8.73428956e-02,
        -3.08928303e-02,  1.78234816e-01,  4.88922000e-02,
        -9.54109579e-02,  7.10467547e-02,  2.47360989e-01,
         9.29538608e-02,  1.14562437e-02,  9.50020403e-02,
         2.23869354e-01],
       [ 4.26686294e-02, -4.58829589e-02, -5.53074218e-02,
         1.00539163e-01, -6.56513721e-02,  3.78074087e-02,
         2.34223515e-01,  8.04895535e-02, -3.45720798e-02,
         1.13200374e-01, -6.98243454e-02, -4.36203890e-02,
         8.97017028e-03,  1.16833083e-01,  7.02023357e-02,
         3.52971815e-02, -1.13640286e-01, -3.79041880e-02,
         2.41334066e-01, -8.54804218e-02,  7.59828910e-02,
        -2.65416466e-02, -1.70828402e-01, -1.93406001e-01,
        -3.11905872e-02, -6.66336194e-02, -1.92607909e-01,
        -1.03944965e-01,  2.73689278e-03, -2.28722999e-03,
        -1.65356547e-01],
       [-1.07007409e-02,  9.37044434e-03,  2.73772865e-03,
        -4.74571157e-03,  2.75814533e-02, -4.62427363e-03,
        -3.85452770e-02, -1.36630153e-02, -3.92524264e-04,
        -6.10410701e-03,  2.05139220e-02,  8.76374543e-03,
        -7.59502454e-03,  6.46910118e-03, -4.13664803e-03,
         9.92271677e-03,  4.45595896e-03, -8.06411263e-03,
        -5.45830047e-03,  8.43142439e-03,  6.80947676e-04,
        -5.56378765e-03,  1.68291964e-02,  1.11201862e-02,
        -4.97734034e-03, -4.25904756e-03, -3.50292549e-02,
        -2.75871973e-03, -1.86950937e-02,  6.13081036e-03,
         3.37972399e-03]], dtype=float32), array([[-7.39405900e-02, -1.22416675e-01,  1.88612834e-01,
        -2.52305806e-01, -2.25700244e-01, -2.71798164e-01,
        -4.90013920e-02, -9.22170654e-02,  3.44292641e-01,
         4.27319622e-03,  2.83288985e-01,  2.61728078e-01,
        -3.67307037e-01, -3.70743759e-02, -3.36985677e-01,
        -4.09054719e-02, -4.74034362e-02,  2.91203141e-01,
        -1.61644056e-01,  7.56047145e-02, -1.80762216e-01,
        -3.35944965e-02,  1.02112435e-01, -1.99984193e-01,
        -3.44323702e-02, -2.79753119e-01, -1.68751076e-01,
        -5.36940657e-02,  1.73073083e-01, -1.06032528e-01,
        -3.21735218e-02],
       [ 1.90651521e-01, -1.55936539e-01, -1.03350043e-01,
        -1.69557184e-01,  1.73576653e-01,  1.47835001e-01,
         1.66739494e-01, -1.62611738e-01,  3.11545700e-01,
         3.52229625e-01,  6.73026145e-02, -1.66107759e-01,
         6.42208382e-02,  1.15034945e-01,  1.43977553e-02,
         2.44325489e-01,  4.37978916e-02, -9.94058326e-02,
         1.75617918e-01,  7.90592923e-04,  5.37415268e-03,
         2.61988074e-01,  5.24643846e-02, -2.25254133e-01,
        -1.40635788e-01,  2.25443944e-01,  2.02126205e-01,
         2.25643329e-02,  9.15011391e-02,  1.81530386e-01,
        -2.66063772e-02],
       [ 8.98963884e-02, -1.52210683e-01, -7.67868012e-02,
         2.00469166e-01, -3.27712186e-02,  9.89704654e-02,
        -2.01531053e-02, -1.31604239e-01,  1.67997867e-01,
        -8.06463063e-02,  9.03128609e-02, -1.65961668e-01,
         7.30420575e-02, -1.59257695e-01, -8.24676529e-02,
         1.77936018e-01, -3.27317178e-01, -1.33800775e-01,
         6.49684891e-02, -1.76323596e-02, -7.19648451e-02,
        -1.56809703e-01, -1.29859596e-01, -1.61579981e-01,
        -4.01022770e-02, -2.32029930e-02,  2.72291631e-01,
         2.20141523e-02, -1.38031080e-01,  3.06642056e-01,
        -1.64078996e-01],
       [-8.20821896e-02, -2.53559411e-01, -1.72720086e-02,
        -3.86575073e-01,  1.65535748e-01, -2.26848930e-01,
        -2.37914979e-01,  9.47226360e-02, -2.50094716e-04,
        -4.02282700e-02,  1.83071181e-01, -1.94152474e-01,
         5.29794837e-04,  1.31574169e-01, -1.91320732e-01,
         7.57628754e-02, -1.14824899e-01,  1.86758116e-01,
         1.41365051e-01,  2.97022462e-01, -6.44354373e-02,
         1.08681798e-01, -1.11434713e-01,  2.16066003e-01,
        -1.07537933e-01,  1.96277425e-01,  7.05142617e-02,
        -2.56491095e-01,  1.90818101e-01,  1.28674984e-01,
         2.64306162e-02],
       [ 2.07215831e-01,  8.89760256e-02,  4.32775505e-02,
        -1.08941823e-01, -2.48512045e-01,  2.68318385e-01,
         3.60748842e-02,  1.45151138e-01, -1.18372224e-01,
         5.20894714e-02, -3.87080759e-01,  8.53265822e-02,
         5.85176945e-02,  1.19917318e-02, -2.95390427e-01,
        -1.58803910e-01, -4.38032150e-02,  7.27001876e-02,
        -4.82981019e-02,  5.54972403e-02, -9.69144180e-02,
        -4.40319553e-02, -1.41942561e-01, -3.39478143e-02,
         1.28358722e-01,  2.30409428e-01,  4.54895757e-02,
         4.43343371e-02,  1.14739560e-01,  9.18143988e-03,
         2.04911754e-01],
       [ 7.16061972e-04, -1.82659384e-02,  7.14739859e-02,
        -6.61766622e-03, -2.15259612e-01,  5.67397512e-02,
         2.06548974e-01, -2.16960028e-01,  1.38094380e-01,
         2.06396118e-01,  8.00123215e-02,  3.39670479e-01,
        -2.95311242e-01, -3.64394724e-01,  3.10949497e-02,
        -2.97899485e-01,  2.69546777e-01, -2.74335086e-01,
        -1.03470579e-01,  1.67631626e-01,  1.99020103e-01,
         1.13917394e-02,  1.07057523e-02, -5.80539964e-02,
        -1.75093576e-01,  2.21217006e-01,  1.10937074e-01,
         8.27479959e-02, -5.29845245e-02,  1.17791947e-02,
        -8.25409517e-02],
       [-1.74746647e-01,  1.58558622e-01, -2.34429855e-02,
        -2.71076709e-02,  8.59050527e-02, -2.09745288e-01,
         2.98931403e-03, -3.75151783e-02, -1.28457829e-01,
        -8.82993415e-02,  3.05797905e-01, -2.60165483e-02,
         5.81637211e-02,  4.27800231e-03,  1.88665316e-01,
         2.93481708e-01, -1.74737185e-01,  9.45224911e-02,
        -3.00353020e-01, -9.23014805e-02, -9.82374921e-02,
         1.25859126e-01, -8.76679048e-02, -9.13785696e-02,
        -1.03008047e-01,  5.07816821e-02,  4.13997993e-02,
        -6.04945272e-02, -1.70715153e-01,  2.84042750e-02,
        -1.79274932e-01],
       [ 5.37452959e-02,  1.76377982e-01, -5.66705763e-02,
        -1.42321452e-01, -3.87205839e-01, -7.10391551e-02,
        -8.55468307e-03, -1.20778777e-01, -1.28566042e-01,
         9.22905281e-02, -2.41612062e-01, -1.01976670e-01,
        -3.45266052e-02, -4.44922626e-01,  3.13373923e-01,
        -1.72728196e-01, -5.39430194e-02, -1.25640616e-01,
         2.38315463e-01, -8.35630000e-02,  1.90853268e-01,
         2.34873533e-01,  2.58162796e-01,  2.52289832e-01,
         5.89917041e-02,  2.65217453e-01, -2.44819894e-02,
        -3.67467463e-01,  2.17635073e-02, -2.74164289e-01,
        -5.07532470e-02],
       [-2.45048463e-01,  1.56519562e-01,  1.91609040e-01,
        -1.54703036e-01, -4.50924307e-01, -1.69990972e-01,
         2.59380545e-02, -3.77871573e-01,  1.34984031e-01,
         6.85670450e-02,  1.24543786e-01, -1.82499409e-01,
         5.38736470e-02, -2.34724030e-01, -8.51287544e-02,
        -3.79597008e-01,  1.48618639e-01, -1.26378879e-01,
        -2.19810847e-02,  5.51589653e-02,  8.69129449e-02,
        -1.97176456e-01,  1.13335093e-02, -3.90583605e-01,
         1.15577437e-01,  1.72120035e-01, -2.54898578e-01,
        -2.11396948e-01, -1.21791773e-01,  1.16733331e-02,
         2.52091825e-01],
       [-4.09000874e-01, -3.36635441e-01, -2.12122634e-01,
        -1.54085323e-01,  2.18181059e-01, -2.38199718e-02,
         8.12570099e-03, -1.07874788e-01,  1.51374221e-01,
         1.59366041e-01,  2.94318765e-01,  9.00676399e-02,
         9.60659236e-02,  3.19730371e-01, -7.37764388e-02,
         4.81833480e-02, -5.24728969e-02, -3.85814123e-02,
         2.63109267e-01,  1.58963069e-01, -1.13717511e-01,
        -8.86129141e-02, -5.38488850e-02,  1.39035553e-01,
         8.90070796e-02, -2.28774264e-01,  2.56418269e-02,
         2.44095951e-01,  2.21698999e-01, -2.84531683e-01,
        -1.32789955e-01],
       [ 1.00468434e-01, -7.74515793e-02, -1.21291950e-01,
         8.04160908e-02,  3.97410616e-02, -3.02282460e-02,
         3.98873426e-02,  1.55439898e-01, -3.51143539e-01,
         3.24335583e-02, -1.57755375e-01,  3.54018621e-02,
         1.77358195e-01,  3.36292386e-02,  3.40012580e-01,
         2.92743921e-01, -7.42920712e-02, -6.26698583e-02,
        -5.13273299e-01, -7.41035566e-02,  1.19377866e-01,
         4.16612402e-02, -6.70450553e-02,  1.18978303e-02,
        -2.44347274e-01, -1.72577083e-01, -2.21887812e-01,
         5.74989058e-02, -2.55939394e-01, -1.54309109e-01,
        -2.10058659e-01],
       [-1.91899076e-01, -3.30305368e-01,  1.74632948e-02,
         3.30069661e-01,  1.30383357e-01, -3.14225614e-01,
        -1.66492224e-01, -2.84406543e-01, -5.62073244e-03,
        -1.43599913e-01, -1.20033300e-03, -1.61146417e-01,
        -9.38592479e-03, -3.58964622e-01, -2.52322704e-01,
        -2.25252703e-01, -2.00387046e-01, -2.04115152e-01,
        -1.24926381e-01, -3.12618494e-01, -1.08094022e-01,
         3.50835570e-03,  1.59449250e-01, -1.93704695e-01,
        -1.10497080e-01,  1.24826528e-01,  2.43874297e-01,
        -2.16338903e-01, -1.02662526e-01,  2.12154284e-01,
         1.77308265e-02],
       [ 2.19162315e-01, -1.02527708e-01,  1.21378042e-02,
         2.58477211e-01, -1.34712890e-01, -1.68438539e-01,
         1.93451867e-01,  2.49469608e-01,  1.29323095e-01,
        -1.75542757e-02, -1.99508682e-01, -3.22435409e-01,
        -2.86398172e-01,  1.21801466e-01, -3.06886494e-01,
         1.61489889e-01,  1.10556409e-02, -1.87021680e-02,
         4.22911234e-02,  1.56211466e-01,  5.80607913e-02,
        -1.83645144e-01,  2.00592622e-01, -3.98002826e-02,
        -3.41300935e-01,  9.24123079e-02,  5.01910783e-02,
         9.80575234e-02,  5.23688197e-02, -1.09795079e-01,
         1.69204533e-01],
       [-9.63193998e-02, -2.97685891e-01,  1.68548912e-01,
        -4.78414930e-02, -9.74419937e-02,  4.05609347e-02,
         4.46487926e-02, -2.17030272e-01,  4.36260849e-01,
        -9.25619826e-02,  1.46703482e-01, -3.84634882e-02,
         2.27920875e-01,  2.44928841e-02, -2.82997727e-01,
         6.24482036e-02, -3.74793768e-01, -9.64914933e-02,
        -3.75897229e-01,  1.55657649e-01,  5.74504882e-02,
        -2.37313926e-01, -1.03727117e-01, -2.09055142e-03,
         8.59288946e-02, -3.58942211e-01,  2.98061967e-01,
         2.77164727e-02, -1.41074523e-01,  9.99563262e-02,
        -1.28498320e-02],
       [-2.58239150e-01, -1.37533352e-01, -1.27179429e-01,
         2.54561394e-01, -5.42768836e-02,  8.35977420e-02,
         1.63428202e-01,  8.09932798e-02, -2.94401675e-01,
         1.50093630e-01, -2.47954398e-01, -1.13472536e-01,
        -2.37784758e-02,  2.23007739e-01, -5.51466085e-02,
        -8.48525949e-03,  3.17824870e-01,  2.94114590e-01,
        -1.00120768e-01,  1.98270362e-02,  8.41315314e-02,
        -3.45674068e-01,  9.85902920e-02,  1.38177902e-01,
         4.35596965e-02, -1.64566442e-01,  2.17654943e-01,
        -5.58419190e-02,  1.17634796e-01, -1.36152521e-01,
         5.62524237e-02],
       [-3.41410860e-02,  3.74407694e-02, -5.89066260e-02,
        -3.84079635e-01,  1.39751792e-01, -8.03373531e-02,
         2.58679658e-01,  5.97245730e-02, -8.20759162e-02,
         2.74928421e-01, -5.40460758e-02,  1.24962211e-01,
         8.66194293e-02, -9.47281718e-02, -1.72293514e-01,
         2.78084636e-01,  2.59531558e-01,  1.74386591e-01,
         2.05598742e-01, -7.66931400e-02,  1.50674477e-01,
        -1.41767189e-02, -2.43964661e-02,  1.43896595e-01,
        -2.80676425e-01, -2.07449123e-01,  5.65606803e-02,
        -9.79112685e-02, -3.62904400e-01,  5.02423234e-02,
         7.94254020e-02],
       [ 9.80310887e-02,  4.84717309e-01, -1.70293882e-01,
        -4.33588028e-02, -2.29574561e-01, -1.63341239e-01,
         2.12348014e-01,  1.04381710e-01,  6.28606081e-02,
         4.64034900e-02,  2.38564327e-01, -4.88411076e-03,
         1.68261960e-01,  1.05236724e-01,  1.56384423e-01,
        -1.66755766e-01, -2.37006750e-02,  1.79143131e-01,
        -3.54155838e-01, -2.46871799e-01, -1.50295794e-01,
         6.01534396e-02, -1.69272035e-01,  2.55640268e-01,
        -7.59512652e-03,  1.95064843e-01, -5.84848821e-02,
        -7.65230656e-02, -4.95086685e-02, -5.71638457e-02,
        -1.84265734e-03],
       [-1.98969375e-02, -1.21079884e-01, -2.02215239e-01,
        -3.59200388e-02,  1.97100744e-01,  8.76594707e-03,
        -2.38272771e-01, -3.69243696e-02, -5.85379899e-02,
         3.89378965e-01, -8.33635107e-02, -1.80130780e-01,
        -1.08300164e-01,  1.79776400e-01,  3.38740915e-01,
        -1.08634830e-01, -2.79925466e-01,  1.50034696e-01,
         1.71143383e-01,  1.69226766e-01,  1.07830629e-01,
        -9.19741243e-02,  6.54646680e-02, -2.91879952e-01,
         2.36180313e-02,  1.39042094e-01,  1.38502806e-01,
        -1.43802449e-01,  2.84945369e-01,  1.15597345e-01,
         1.41807590e-02],
       [ 2.42097616e-01, -6.63779527e-02, -2.00093493e-01,
         3.84330302e-01, -2.79896948e-02,  3.67085785e-02,
        -3.18991989e-02,  1.74724519e-01,  5.25569469e-02,
        -1.09727867e-01, -2.35629544e-01, -2.15205252e-01,
         7.50792101e-02,  2.27603242e-02,  3.03235829e-01,
        -2.02641919e-01,  1.88444152e-01, -1.52423844e-01,
        -1.11832514e-01, -2.31659129e-01, -1.57703027e-01,
        -1.51905762e-02,  1.63912401e-01,  1.13395602e-01,
         2.80342191e-01,  1.45733997e-01,  6.72809407e-02,
         2.57961631e-01,  2.13134587e-01,  1.55441165e-01,
        -1.08175622e-02],
       [ 7.99483433e-02, -1.38582727e-02,  4.43091244e-02,
        -1.49579942e-02,  3.32924090e-02,  5.48087060e-02,
         6.64700866e-02,  2.00862452e-01,  2.43827581e-01,
        -3.62089157e-01,  2.76852936e-01, -2.30695754e-01,
         2.59189039e-01, -2.56948292e-01, -7.05174217e-03,
        -9.99138653e-02,  1.02278560e-01,  8.68140683e-02,
         4.37697321e-02, -2.28099912e-01, -1.56152338e-01,
        -2.43839055e-01, -4.85579908e-01,  5.17547652e-02,
        -1.44297294e-02, -9.57849398e-02, -2.20635787e-01,
        -5.43928519e-02,  4.20959592e-01,  3.24762672e-01,
         5.54859489e-02],
       [ 1.86719358e-01,  2.08944008e-02, -7.96966925e-02,
        -1.14118494e-01,  7.97439599e-04,  1.39777154e-01,
        -1.66680545e-01, -3.72410834e-01, -1.03837945e-01,
         5.89404292e-02, -4.63259444e-02,  9.33810845e-02,
         7.71256164e-02,  2.52054721e-01,  8.06831196e-02,
        -1.22114569e-01, -2.94625551e-01,  1.59149602e-01,
        -4.70711365e-02, -1.19923770e-01, -1.07735155e-04,
         3.45286950e-02, -4.72095251e-01, -2.24558357e-02,
        -3.82980406e-02, -1.09111913e-01, -3.69870551e-02,
        -1.66763753e-01, -2.90175378e-02, -7.61323282e-03,
         3.35842222e-02],
       [-1.48063526e-01,  1.82723433e-01,  3.98317259e-03,
        -3.30975503e-01, -1.46480024e-01,  2.66778827e-01,
         1.70329869e-01,  8.78605396e-02,  9.24539268e-02,
         4.26088452e-01,  1.89654544e-04,  5.26099280e-02,
        -1.51407465e-01, -3.82880241e-01,  3.66949856e-01,
         1.54388607e-01, -2.41728216e-01,  3.20113629e-01,
         1.18878610e-01, -3.41181666e-01, -3.58461700e-02,
        -8.75360370e-02, -1.13756798e-01, -8.66525993e-02,
        -1.37638733e-01, -8.69767666e-02, -4.53360602e-02,
         2.43425503e-01,  4.63589057e-02,  1.55805469e-01,
        -1.09961458e-01],
       [-2.19415516e-01,  1.84417218e-02, -2.37520128e-01,
         1.54792070e-01,  1.74618244e-01,  1.28039286e-01,
         2.03883111e-01, -1.93076450e-02, -1.11439660e-01,
        -5.38471863e-02, -6.25134781e-02,  3.82902026e-01,
        -1.14956617e-01, -4.63864580e-02, -6.03776164e-02,
         1.39589563e-01,  1.26080468e-01,  1.34330377e-01,
        -1.94543563e-02,  7.83280283e-02, -4.61322039e-01,
         1.42681912e-01, -1.61277428e-01,  1.48557156e-01,
        -1.34082451e-01,  3.89373824e-02, -1.39279729e-02,
         1.71333820e-01,  4.73223589e-02, -1.56155741e-02,
         7.76032954e-02],
       [-1.92232490e-01, -9.82785225e-02,  3.81991081e-02,
        -2.51039360e-02, -7.70618916e-02,  1.06381930e-01,
        -2.92594910e-01, -4.71573435e-02, -1.80767834e-01,
         1.10630818e-01, -1.05121769e-01,  1.36513993e-01,
         8.98242444e-02, -6.68927431e-02,  1.03094779e-01,
         1.72242299e-01,  2.03473523e-01, -1.52328145e-02,
         1.03857614e-01, -9.48617980e-02,  2.86310822e-01,
        -5.76400496e-02,  2.12397307e-01,  1.11353591e-01,
         4.09457952e-01, -1.04799286e-01,  2.50570457e-02,
        -6.34050742e-02,  2.01348756e-02, -9.04030278e-02,
        -1.93833858e-01],
       [ 8.71632025e-02, -2.17377827e-01, -1.36732802e-01,
        -2.22051352e-01,  2.81462610e-01, -5.61950170e-02,
        -1.96589366e-01, -1.95785731e-01, -2.05780029e-01,
         6.90546706e-02,  8.00712556e-02, -1.75909325e-01,
         2.85506934e-01,  3.50608826e-01,  1.67650893e-01,
        -5.10062873e-02,  4.27228734e-02, -8.08635205e-02,
         3.18991840e-01,  1.00156926e-01, -2.64229268e-01,
        -1.00702621e-01, -1.21164165e-01, -6.56827837e-02,
         2.66819060e-01, -4.72324640e-02, -5.85574023e-02,
         1.56034946e-01,  3.29577774e-01,  4.28741015e-02,
         2.76815146e-03],
       [ 2.98127592e-01, -2.88530402e-02, -1.85971454e-01,
        -6.46146536e-02,  1.35573745e-01, -2.06341237e-01,
        -2.24888325e-01, -9.54537392e-02,  1.99172154e-01,
        -1.80963203e-01,  1.04571186e-01, -2.75030941e-01,
        -1.32466689e-01,  3.92344259e-02,  1.72329471e-01,
        -1.67279899e-01, -1.16943434e-01,  2.04974979e-01,
         9.52609554e-02,  2.79918909e-01, -1.74264058e-01,
         3.34126443e-01,  2.57568032e-01,  3.07954520e-01,
        -8.27165786e-03, -8.84384289e-02, -2.19761282e-01,
         1.40336668e-02,  1.69511333e-01, -2.04925880e-01,
        -9.17647257e-02],
       [ 1.44977719e-01,  4.41852696e-02,  1.79733690e-02,
        -6.60814997e-03,  2.07039118e-01, -1.66253731e-01,
         6.23268215e-03, -1.59092799e-01,  2.30728835e-01,
        -2.31813952e-01, -1.08519554e-01, -1.48736537e-01,
         1.33169517e-01,  2.79862005e-02, -1.08014151e-01,
         8.22836012e-02, -1.07232712e-01, -3.82736623e-02,
        -9.98936668e-02,  5.74510694e-02, -2.09454104e-01,
        -1.30891189e-01, -4.77841077e-03, -1.50830954e-01,
        -4.12075780e-02, -1.41441375e-01,  1.96939688e-02,
        -3.64917032e-02,  7.76553676e-02,  1.85172275e-01,
        -7.58808106e-02],
       [-3.13351601e-02, -1.72049180e-01,  2.30379045e-01,
        -4.03938219e-02, -1.74822077e-01,  1.63013846e-01,
        -2.52196819e-01,  1.57256112e-01, -2.48672605e-01,
        -1.31962180e-01, -8.29962194e-02,  8.70740414e-02,
        -2.70634770e-01, -2.18727812e-01, -1.88787356e-01,
        -4.75516021e-02, -3.25811744e-01, -8.23165923e-02,
        -1.06967241e-01,  6.15016408e-02,  4.27827239e-01,
         1.02797359e-01,  1.94469035e-01,  5.87605163e-02,
         1.90024421e-01,  1.52778879e-01,  2.67449141e-01,
         1.84552327e-01, -5.71252638e-03, -1.19426146e-01,
        -8.28782991e-02],
       [ 5.90963066e-02, -5.66025749e-02, -8.31364095e-03,
         2.06443354e-01, -2.30554238e-01, -1.32561892e-01,
         5.98887578e-02,  1.07340135e-01,  5.29202819e-02,
         1.80756286e-01, -9.27994847e-02, -2.95943767e-01,
         3.00049096e-01,  2.03084741e-02,  2.54362226e-02,
        -1.90946847e-01,  2.96706017e-02,  3.01947761e-02,
        -9.20639858e-02, -2.76427686e-01,  1.09513186e-01,
        -3.20000768e-01,  3.44878174e-02,  5.22746108e-02,
        -5.63118868e-02, -2.75138408e-01,  1.79610863e-01,
        -1.65243030e-01, -1.15043215e-01, -2.30636954e-01,
        -2.07028259e-02],
       [-9.00276452e-02, -1.50093362e-02, -3.18508059e-01,
         5.19496351e-02, -1.25552282e-01, -1.11985415e-01,
        -4.71584350e-02,  8.10574815e-02,  3.20946634e-01,
         2.47779503e-01,  1.82572111e-01,  8.76309723e-02,
        -2.62606025e-01, -2.77660221e-01, -4.76242714e-02,
         3.22568476e-01,  3.20222616e-01,  3.03790271e-02,
        -3.27045172e-01, -6.40438944e-02, -2.53729910e-01,
        -3.74803916e-02,  1.15745738e-01, -2.10109383e-01,
         1.60154805e-01,  2.96229392e-01,  8.87662731e-03,
        -9.57146659e-02, -8.85189474e-02, -1.59264565e-01,
         8.22355598e-02],
       [ 1.30106598e-01, -2.98447877e-01, -1.46883041e-01,
         1.09218717e-01,  1.72248498e-01, -2.74540067e-01,
         6.96507767e-02,  6.72585517e-02,  2.34858394e-01,
        -1.31703898e-01, -1.50439769e-01, -1.22513734e-01,
        -1.31599024e-01,  3.39615732e-01,  2.96644643e-02,
         1.81637809e-01,  2.40163386e-01, -8.60822126e-02,
        -2.48756990e-01, -7.96278007e-03,  1.97846442e-01,
         1.84703320e-01,  9.47490409e-02,  2.64953431e-02,
         6.23567477e-02, -4.96249497e-02, -5.14956526e-02,
        -8.30350369e-02,  2.09334165e-01,  7.58041441e-02,
         7.93452933e-02]], dtype=float32), array([[-2.61792302e-01,  3.51794720e-01,  4.50236276e-02,
        -1.29864007e-01, -6.67069107e-02, -1.64667919e-01,
         1.75363436e-01, -7.12256283e-02,  3.54161747e-02,
         1.11377366e-01,  8.75740647e-02,  1.03675947e-01,
         3.79234962e-02,  3.75397177e-03, -3.17503512e-01,
        -2.65213668e-01, -7.87760094e-02, -7.53931478e-02,
        -1.88987434e-01,  1.18308291e-01,  2.24273458e-01,
        -1.45239308e-01,  1.42458603e-01, -7.66176060e-02,
        -2.79502720e-01,  1.66570619e-01,  2.26424038e-01,
        -8.69453996e-02,  2.01935202e-01,  1.93515733e-01,
        -1.21255584e-01],
       [ 1.43388525e-01,  2.40524076e-02, -1.71770006e-01,
         5.55241946e-03,  1.03767961e-01, -1.67480022e-01,
         1.22268207e-01, -1.70286313e-01,  2.90815681e-01,
         1.87777188e-02, -1.55669570e-01,  2.62808185e-02,
         9.04328525e-02, -2.43173987e-01,  1.42597472e-02,
         1.90489650e-01,  9.46443155e-03, -3.09623390e-01,
         3.21256258e-02,  2.28753269e-01,  1.07674718e-01,
        -1.66784361e-01,  9.88795683e-02, -3.30814630e-01,
         1.51390031e-01,  1.39967650e-01,  3.20244372e-01,
        -5.60266664e-03,  4.74002659e-02,  1.77973770e-02,
         3.33037138e-01],
       [-1.47140417e-02,  2.55935133e-01, -2.83819414e-03,
         5.56533672e-02, -6.29195049e-02,  3.64798494e-02,
        -2.82178242e-02,  1.07835874e-01, -7.42178783e-02,
         9.10080671e-02,  2.47129202e-01, -2.27889381e-02,
        -1.41077697e-01,  2.81712085e-01,  5.56893349e-02,
         8.76547769e-02, -1.35267884e-01, -2.65866816e-01,
        -1.42004550e-01, -3.21111202e-01,  4.09635678e-02,
        -9.57849547e-02,  2.36695912e-02, -9.39134508e-02,
         2.12429427e-02, -2.13733986e-02, -3.01630080e-01,
        -3.66852656e-02,  3.39144059e-02, -7.31756911e-02,
        -1.06887750e-01],
       [ 1.19773969e-01,  1.62939668e-01,  1.49091348e-01,
        -2.09096596e-01,  3.95935476e-02,  6.48211464e-02,
        -2.83657108e-02, -9.58077237e-02,  5.19236743e-01,
        -2.65216678e-01,  2.87279040e-01, -2.67798603e-01,
         7.80153275e-02,  3.86318237e-01, -7.74099231e-02,
         8.53606835e-02, -5.93270026e-02, -6.36001211e-03,
        -3.94427687e-01, -1.37258964e-02, -4.20933701e-02,
        -1.68475270e-01,  4.12257500e-02,  2.54963756e-01,
         1.37392312e-01,  1.14395924e-01, -4.40337509e-01,
        -2.75924355e-02,  2.20571440e-02,  8.41081049e-03,
         2.59985805e-01],
       [ 7.65795186e-02,  6.36726990e-02, -2.84957476e-02,
        -7.00763687e-02,  2.06589431e-01, -1.34450570e-01,
         1.65178820e-01, -4.59489934e-02, -3.78546089e-01,
         3.46356779e-01, -8.19771811e-02,  9.21026096e-02,
        -1.95732415e-01, -8.54155049e-02, -6.65663183e-02,
        -9.77676138e-02, -2.98254956e-02, -5.91171458e-02,
        -1.33503288e-01, -4.68177870e-02,  1.95842475e-01,
         1.88594297e-01, -1.45372614e-01,  2.35387877e-01,
        -1.16643116e-01, -8.12747404e-02, -1.01734251e-01,
         1.70426797e-02, -4.14859429e-02,  1.70344502e-01,
        -9.82943401e-02],
       [ 2.85945088e-01, -4.28790972e-02, -4.32878762e-01,
        -9.45893526e-02,  7.46254101e-02,  6.13854416e-02,
        -1.14537384e-02, -1.84642477e-03, -2.64894366e-02,
         3.40556622e-01, -1.44283146e-01, -2.73420036e-01,
         1.02311395e-01,  5.20068966e-02, -1.25998855e-01,
        -2.90387422e-01, -6.81157559e-02, -4.42451052e-02,
        -1.09357253e-01,  3.14463526e-01,  3.54560316e-02,
         1.72977939e-01,  1.07806370e-01,  5.97268716e-02,
        -2.05269426e-01,  3.67682949e-02, -8.35210606e-02,
         1.34244710e-01, -2.85009712e-01, -1.02223679e-01,
         2.34212309e-01],
       [-3.16756904e-01, -7.91913830e-03, -3.06370378e-01,
         1.86632022e-01,  1.63734823e-01, -1.63744822e-01,
        -2.82702278e-02, -3.62836160e-02, -6.53780624e-02,
        -1.03926487e-01,  2.28006601e-01,  1.00126550e-01,
        -3.11939828e-02,  1.88107342e-01,  6.81829900e-02,
        -1.21480845e-01,  3.07289213e-01, -1.72332272e-01,
        -9.16888937e-02, -1.94514737e-01, -1.96071565e-01,
         6.11910522e-02, -3.17146152e-01, -1.15869381e-01,
        -1.79364562e-01, -2.04284817e-01,  1.67775109e-01,
         2.76621431e-01, -2.52600104e-01, -3.45952541e-01,
        -2.84676012e-02],
       [ 2.31588572e-01,  1.36118367e-01,  5.72293401e-02,
         1.07928447e-01, -8.24137256e-02,  1.85709412e-03,
         1.40727803e-01,  5.53445481e-02,  1.74187049e-01,
         7.36472458e-02,  2.71891594e-01, -8.61751884e-02,
        -9.23508182e-02, -1.63367927e-01, -1.16427571e-01,
        -1.33634895e-01, -3.11139263e-02, -1.85083538e-01,
        -8.86692107e-02,  1.31006241e-01, -4.46712878e-03,
        -3.48509461e-01, -7.70995468e-02, -3.26551825e-01,
         2.28162527e-01, -5.39691523e-02, -3.46407920e-01,
         3.26276980e-02,  1.22743852e-01, -1.68058187e-01,
         2.64532477e-01],
       [-1.88530833e-01,  2.09815174e-01,  1.00262828e-01,
         7.98658356e-02, -2.12550804e-01,  1.50503501e-01,
        -2.75837123e-01, -2.85123326e-02,  4.42944795e-01,
        -1.39201850e-01, -6.37034606e-03,  1.71142906e-01,
         3.39417696e-01,  2.84839392e-01,  4.35852371e-02,
         7.20341597e-03,  2.71965209e-02, -1.97960034e-01,
        -1.62306353e-01,  1.53048649e-01,  1.31959274e-01,
        -1.89841986e-01,  1.78408965e-01, -1.66949406e-01,
         1.85496025e-02, -2.49682471e-01, -1.00817420e-01,
        -1.00278649e-02,  8.04197565e-02,  3.57815512e-02,
         1.40230358e-02],
       [ 8.42238497e-03, -3.87266017e-02,  9.52578261e-02,
         1.76070243e-01, -6.56838343e-02, -1.49940178e-01,
         1.76490963e-01, -1.44480005e-01, -3.43539029e-01,
         1.28805980e-01,  4.45206314e-02,  2.73112148e-01,
         4.64694314e-02, -1.00690335e-01,  3.32224846e-01,
        -1.64300185e-02,  1.45855591e-01, -1.89059734e-01,
         2.48767868e-01, -1.93145469e-01,  1.01487515e-02,
        -2.95302361e-01,  2.23932546e-02, -3.61580491e-01,
         3.54145437e-01, -6.81763107e-04, -1.67283282e-01,
         7.44398460e-02,  9.00586620e-02,  3.31706814e-02,
         3.12612325e-01],
       [-6.70993477e-02,  7.13738501e-02,  1.22909926e-01,
        -2.12890252e-01,  1.33268252e-01,  1.25987664e-01,
        -1.67826176e-01,  2.41767734e-01,  4.15428802e-02,
         1.00702725e-01, -6.36441931e-02,  1.36286080e-01,
        -1.33965880e-01, -2.48721570e-01, -9.17792022e-02,
         1.52084619e-01, -1.10249035e-01, -7.71696642e-02,
         1.69015542e-01, -1.47646293e-01, -2.38950506e-01,
        -2.94678826e-02, -1.54691329e-02, -1.40036836e-01,
        -2.51843780e-01, -3.55986506e-01,  9.19742286e-02,
        -2.60545701e-01, -2.54146487e-01, -8.40114653e-02,
        -7.83750713e-02],
       [-3.47327292e-02,  1.76608145e-01,  1.00777887e-01,
         7.89088309e-02, -7.00684562e-02,  1.41818002e-02,
         1.61861461e-02, -9.09603462e-02,  7.66184554e-02,
         1.02765635e-01,  7.15772808e-02, -2.33959019e-01,
         8.94148201e-02, -2.02707145e-02,  1.02056280e-01,
         1.27279848e-01, -7.97593519e-02,  2.26331145e-01,
         2.93923259e-01, -4.87359390e-02,  2.42053002e-01,
         3.36016752e-02, -1.33980408e-01, -1.53727889e-01,
        -1.54711857e-01, -2.82545201e-02,  6.99799657e-02,
        -3.30430746e-01,  1.13212556e-01, -2.10548088e-01,
        -1.53361127e-01],
       [ 1.63048908e-01, -1.98456466e-01,  4.56547588e-02,
         1.96537554e-01, -7.05147907e-02, -3.33092839e-01,
        -1.79057121e-01, -1.31332859e-01, -1.10633679e-01,
        -1.54479697e-01, -1.76090255e-01,  2.00702190e-01,
         2.47999460e-01,  2.23067373e-01, -6.42106459e-02,
        -5.60492054e-02,  4.98022279e-03, -4.15226758e-01,
         1.21031459e-02, -3.10955662e-02,  1.74079090e-01,
         2.66592443e-01, -2.10266918e-01, -1.24269523e-01,
         6.54611886e-02,  2.13933244e-01,  1.04450267e-02,
        -6.97335452e-02, -1.15212411e-01, -5.97871691e-02,
        -2.59119540e-01],
       [-2.34493524e-01,  8.99734274e-02, -8.44249502e-02,
         1.29856914e-01, -4.77146022e-02, -2.39644021e-01,
         1.80381477e-01,  5.66728711e-02,  7.82921091e-02,
         1.32697850e-01,  3.97963583e-01, -1.67878419e-01,
        -1.35029405e-01,  6.59762919e-02, -3.97881091e-01,
        -1.96773246e-01, -1.84698582e-01,  6.42995462e-02,
        -3.58955972e-02,  4.80484702e-02,  1.91583000e-02,
        -8.30102339e-02, -8.98981541e-02, -2.92792395e-02,
        -1.45045102e-01,  1.38301224e-01,  1.31070003e-01,
        -7.20178336e-02,  5.91899157e-02,  2.22266272e-01,
         4.52404022e-01],
       [ 1.09553209e-03, -9.51760709e-02,  6.34812796e-03,
         1.94412947e-01,  3.43521446e-01, -1.56040475e-01,
        -2.06325695e-01, -1.25264987e-01,  1.06942527e-01,
         2.67035402e-02,  1.11201420e-01, -3.48423898e-01,
        -1.15893945e-01,  9.83188078e-02, -7.65964016e-02,
         4.83844519e-01,  4.54077989e-01, -1.25637487e-01,
        -4.63231832e-01,  2.38248020e-01,  1.99670345e-01,
        -3.14177647e-02,  4.30417061e-02,  1.67684078e-01,
        -2.05878943e-01,  2.34012499e-01, -3.47124994e-01,
        -2.53616810e-01, -9.50841084e-02, -1.14633061e-01,
        -1.17320165e-01],
       [-3.10532749e-01, -2.76726454e-01,  9.15904120e-02,
        -1.62941903e-01,  1.73149288e-01, -7.84505624e-03,
        -2.79827327e-01,  2.16373235e-01,  4.27687556e-01,
        -2.08276615e-01, -7.91644901e-02, -1.42040819e-01,
         1.00493826e-01, -1.97751954e-01, -1.06673002e-01,
        -7.93285817e-02,  1.38851613e-01, -1.75259020e-02,
         1.49864078e-01,  4.11022678e-02, -2.89007157e-01,
        -2.42856070e-01, -1.26228869e-01, -8.81031156e-02,
        -7.58233070e-02, -1.76105142e-01, -7.32976422e-02,
         1.26915514e-01, -2.37895191e-01,  1.57883272e-01,
         4.20558214e-01],
       [ 2.00197294e-01, -1.30551010e-01,  9.21320245e-02,
         1.91916227e-01,  2.52012074e-01, -2.54681915e-01,
        -1.57083318e-01, -1.53513858e-02, -6.09968342e-02,
        -1.05950601e-01,  1.72723100e-01,  2.19101891e-01,
        -1.33280098e-01, -3.46678942e-01,  6.51703775e-02,
         2.10521892e-01,  1.87572360e-01, -7.90918767e-02,
        -1.30853415e-01,  7.16615841e-02,  3.03088337e-01,
        -2.11168021e-01,  9.26564727e-03,  1.14416711e-01,
         5.63099645e-02, -7.21932873e-02,  4.98939753e-02,
         2.67234385e-01,  1.09250270e-01,  1.14334330e-01,
        -2.36963868e-01],
       [ 1.80377841e-01,  2.14458741e-02, -3.24735880e-01,
         1.93822086e-01,  2.68417090e-01, -3.39548923e-02,
        -2.22150952e-01, -1.93918779e-01, -5.25896996e-02,
         7.64565617e-02,  9.43701267e-02, -7.64222350e-04,
        -2.33375981e-01, -1.81486048e-02,  1.82152852e-01,
         1.08065307e-01,  4.14156914e-03,  9.54148592e-04,
         2.02084631e-01,  4.51457739e-01,  1.08179212e-01,
        -5.20465970e-02,  2.94194877e-01, -6.60217330e-02,
        -1.10510133e-01, -1.42918408e-01,  1.12187684e-01,
        -3.85037437e-02,  8.92061889e-02, -2.00742915e-01,
        -1.59561217e-01],
       [-3.16018105e-01, -1.75065696e-01, -2.41718516e-01,
        -5.08932583e-02, -1.15487777e-01, -2.90191006e-02,
         2.91634440e-01, -2.18555421e-01, -2.43297726e-01,
        -1.42164975e-01,  2.46586159e-01, -2.77643278e-02,
        -2.69429516e-02,  4.76263501e-02,  1.26026571e-01,
        -9.49042141e-02, -2.35470936e-01,  2.97790408e-01,
         3.02855760e-01,  5.45589067e-02,  1.74281314e-01,
         1.57949850e-01, -3.01578641e-01, -1.62234262e-01,
        -1.01031382e-02,  2.00782400e-02,  9.75309536e-02,
         3.65853995e-01, -1.20206587e-01, -1.01552382e-01,
        -2.92694539e-01],
       [ 2.37800196e-01,  1.58006221e-01, -2.75316089e-02,
        -1.43411621e-01,  2.48825520e-01, -2.25502148e-01,
        -2.36087799e-01, -4.62870717e-01, -3.64318080e-02,
         1.09253265e-02, -3.03334892e-01,  1.04571832e-02,
         1.80865265e-03, -4.09559421e-02, -6.23529963e-02,
         3.67412448e-01, -1.22154564e-01, -3.11653912e-01,
        -4.89868484e-02, -1.31969288e-01, -1.98305026e-02,
        -2.07285494e-01, -2.01024283e-02,  1.85430452e-01,
         7.10045844e-02, -1.30628452e-01, -4.42867242e-02,
        -8.57741088e-02, -3.76002103e-01, -2.69239154e-02,
         7.95731470e-02],
       [-1.96199015e-01,  1.32563442e-01,  1.35573819e-01,
         1.16681062e-01,  1.07122920e-01,  8.33759233e-02,
        -3.76673788e-01, -6.89174281e-03,  1.87181994e-01,
        -3.02794576e-01, -3.46638705e-03,  1.53744340e-01,
         3.09377760e-01,  2.55005300e-01,  2.17381865e-01,
         3.30552638e-01,  2.32500538e-01, -4.50123250e-02,
         8.07368532e-02, -1.14438273e-01, -7.57774338e-02,
         3.81370634e-02, -2.84949988e-02,  4.01195623e-02,
         1.75457802e-02, -2.59273201e-01,  2.15510592e-01,
        -4.79874089e-02,  1.12834916e-01, -8.73519331e-02,
        -2.22373933e-01],
       [-4.55007523e-01,  7.90094584e-02, -1.20606415e-01,
        -4.97154286e-03, -8.10815673e-03, -1.71328317e-02,
         5.39115965e-02, -2.33060375e-01, -6.47517070e-02,
         9.80108902e-02, -7.24074170e-02,  1.35564193e-01,
         8.39055851e-02,  2.70053297e-01, -9.21437144e-02,
         1.51258335e-01, -1.75725594e-01,  1.22801602e-01,
        -1.95340350e-01,  2.02797234e-01,  3.47910961e-03,
        -2.64951557e-01,  1.98865727e-01, -1.93132162e-02,
         5.15500307e-02,  3.22225541e-02, -1.58125490e-01,
        -1.30954534e-01, -2.01048180e-02,  5.35960309e-02,
        -7.66488165e-02],
       [ 2.54994214e-01, -1.43530339e-01,  1.04735918e-01,
        -2.68107116e-01, -2.31052235e-01,  2.01123744e-01,
        -2.52144694e-01,  1.83762088e-01,  2.36842752e-01,
        -5.03222123e-02, -3.26546520e-01, -2.12981179e-01,
         3.99763659e-02, -1.68633327e-01, -4.10110764e-02,
        -1.77597776e-01,  9.87490565e-02, -2.42562011e-01,
        -8.97395313e-02, -3.45853359e-01, -2.14081794e-01,
         1.36021748e-01,  1.87157676e-01, -5.08464687e-02,
        -1.30481012e-02, -8.40106905e-02,  2.00602025e-01,
        -2.17723802e-01, -2.13105101e-02, -2.21956283e-01,
         1.47990897e-01],
       [-1.28952265e-01,  2.10147694e-01, -5.68127409e-02,
        -7.50151426e-02, -1.43492268e-02,  1.53477877e-01,
        -3.85451727e-02,  1.89374477e-01, -2.64760051e-02,
         4.09202039e-01,  7.94628412e-02,  1.13926031e-01,
         3.63456964e-01,  3.96813691e-01,  3.76461186e-02,
        -2.80451089e-01,  3.32297146e-01, -3.47326808e-02,
         2.88364217e-02,  3.53589803e-02, -4.41929810e-02,
        -2.13208988e-01, -1.64642837e-02,  1.35529295e-01,
        -1.83571219e-01,  1.73543751e-01,  2.75638074e-01,
        -3.51484150e-01, -2.63798591e-02,  2.97051162e-01,
        -5.02331629e-02],
       [-6.43947944e-02,  1.71232983e-01,  3.87381107e-01,
        -1.85622096e-01,  2.31924038e-02,  1.32121280e-01,
         3.29349548e-01, -2.52558678e-01, -2.13654488e-01,
        -2.45416135e-01, -3.57646793e-01,  1.27071619e-01,
        -1.23930141e-01,  3.47003162e-01,  1.96198314e-01,
        -2.94516951e-01,  1.96738675e-01, -1.82941586e-01,
        -5.70552163e-02, -6.38866350e-02, -2.70325899e-01,
        -1.89616293e-01,  2.80041963e-01, -2.15490818e-01,
         1.12935469e-01,  1.26218528e-01,  1.76987872e-01,
         3.09229761e-01, -2.53149539e-01, -1.01268910e-01,
         1.34647250e-01],
       [-1.65558830e-01,  2.06359863e-01, -1.60647497e-01,
        -7.92807937e-02, -1.34473428e-01,  5.25487820e-03,
        -1.87218038e-03, -2.28230506e-01, -7.83736408e-02,
         3.45143257e-03,  1.22552678e-01, -1.84694275e-01,
         7.60630192e-03,  1.41959220e-01,  2.58301161e-02,
         6.79731518e-02, -9.31832418e-02,  9.01756361e-02,
        -2.59947367e-02, -1.72200240e-02,  2.68796623e-01,
         9.68134999e-02, -2.45712966e-01,  2.55313665e-01,
        -2.49455512e-01,  2.93840095e-02, -1.08479328e-01,
         7.57819116e-02, -1.51096717e-01,  4.97567542e-02,
        -6.93206191e-02],
       [ 2.69151777e-01, -1.74805656e-01, -1.22476593e-01,
        -2.91056365e-01,  1.25817180e-01, -1.85332969e-01,
        -8.97644758e-02,  3.80596332e-02,  2.03352511e-01,
         1.50476694e-01, -9.30620134e-02, -1.33327737e-01,
        -8.38194042e-02, -1.02878325e-01, -5.89677095e-02,
        -8.15474242e-02, -2.69440711e-01, -1.62222013e-01,
        -6.65797070e-02, -4.76850979e-02,  2.74348646e-01,
         3.63855138e-02, -9.10729468e-02,  6.67381287e-02,
         2.48688325e-01, -1.25234306e-01,  7.63182044e-02,
         2.31974751e-01,  1.06818236e-01,  3.39678600e-02,
         3.24228290e-03],
       [ 1.63398415e-01, -1.04734980e-01, -3.62820297e-01,
        -6.91263378e-02, -5.88571467e-03, -1.73684895e-01,
         8.04298148e-02, -2.57033288e-01,  4.78947729e-01,
        -1.42263219e-01,  8.21459759e-03,  3.73192102e-01,
        -9.86457914e-02, -1.08688407e-01, -1.79069042e-01,
         1.59272209e-01, -2.90908426e-01, -4.08232301e-01,
         1.52810961e-01,  2.98930723e-02, -3.78301829e-01,
         6.52237758e-02, -7.25873858e-02, -1.11378551e-01,
         2.74767667e-01,  1.95815682e-01, -6.08611256e-02,
        -3.17035839e-02, -2.82198340e-01,  9.03943367e-03,
         7.25492164e-02],
       [ 8.83583724e-02,  8.09830651e-02,  1.17583461e-01,
        -3.60015422e-01,  2.87681758e-01,  2.65874472e-02,
         1.05661005e-01,  3.00264597e-01,  8.80509689e-02,
         8.71445537e-02, -2.82190472e-01,  1.03480600e-01,
         2.29037568e-01,  8.85069072e-02,  6.05515055e-02,
        -1.10109515e-01,  1.94282427e-01, -7.77906030e-02,
        -1.52797729e-01, -1.42166972e-01, -2.24338531e-01,
         2.07610577e-02,  1.15248099e-01,  2.40253538e-01,
         2.80381024e-01,  6.45636767e-02, -2.71552294e-01,
         2.18146309e-01,  4.73296456e-02,  1.12658635e-01,
         3.25321406e-01],
       [-2.28493840e-01, -1.65895924e-01, -5.72813414e-02,
        -5.85610047e-02,  6.01666830e-02, -9.01101008e-02,
        -3.12722375e-04, -1.00196078e-02, -2.36196831e-01,
         1.81588143e-01,  9.72795412e-02,  7.06347078e-03,
         1.35001093e-01,  2.23059729e-01,  8.87990221e-02,
        -1.21993773e-01,  1.78940982e-01,  2.98619509e-01,
         8.70790482e-02, -1.06659951e-02, -1.25965113e-02,
        -2.33859599e-01, -7.95776248e-02, -5.64546622e-02,
         1.02782615e-01, -5.51263839e-02,  2.46484354e-02,
        -7.13222325e-02, -1.35798091e-02, -7.02735260e-02,
        -1.27214938e-02],
       [-2.39554256e-01, -4.95606922e-02, -2.26806216e-02,
        -1.73625126e-01, -1.21996902e-01,  1.37192726e-01,
        -8.94774124e-02, -1.21539861e-01,  1.34381399e-01,
         2.66504467e-01,  7.70311132e-02, -8.95218924e-03,
         1.88138604e-01,  1.37182921e-01,  1.67419493e-01,
        -5.79781784e-03, -8.84102061e-02, -1.97819188e-01,
         1.95216432e-01, -1.57864541e-01,  2.69090325e-01,
        -6.62097111e-02, -2.74621040e-01, -1.80380732e-01,
         2.35601693e-01,  1.71290129e-01,  2.05630928e-01,
        -5.47331944e-02,  1.81968868e-01,  2.43453637e-01,
        -2.19239742e-01]], dtype=float32), array([[-4.49641608e-02, -1.67469680e-01,  5.78453802e-02,
         5.21792881e-02, -1.49951071e-01,  1.27637172e-02,
         1.45529628e-01, -1.20003320e-01,  1.26516283e-01,
         1.81061670e-01,  7.34687671e-02,  3.11566014e-02,
         2.82526035e-02, -9.59287584e-02, -9.42697003e-02,
         5.60381860e-02, -1.90059587e-01, -1.25186801e-01,
         2.01973662e-01, -2.13450585e-02,  3.42866615e-03,
         1.24304146e-01, -1.30071612e-02],
       [ 1.21214300e-01,  5.90597577e-02,  3.43199909e-01,
        -2.14280754e-01, -5.36781251e-02, -1.24092326e-01,
         2.65734464e-01, -1.25771910e-01,  1.87619984e-01,
         1.43702477e-01, -5.24880998e-02, -1.82492763e-01,
         1.52017936e-01, -6.21075276e-03, -2.67800868e-01,
         3.22674513e-02,  1.13636889e-01,  3.97398099e-02,
         1.79883957e-01, -1.59906015e-01, -1.49350330e-01,
         2.08015189e-01, -1.44422933e-01],
       [-1.49368882e-01,  5.82088204e-03, -1.61839411e-01,
        -3.09572905e-01,  4.29447554e-02,  6.90265372e-02,
        -1.36543252e-02, -1.95904449e-03, -9.98620912e-02,
         1.44895017e-02, -1.62695259e-01,  5.36976159e-02,
         2.47602928e-02,  2.00249255e-02,  1.62203819e-01,
        -7.99895674e-02,  2.01032862e-01,  1.20680511e-01,
         2.40789950e-02, -3.54684819e-03,  7.91228488e-02,
         1.53393939e-01, -2.95840353e-01],
       [-1.84248418e-01, -2.36666165e-02,  1.91927761e-01,
        -1.92325339e-01, -9.32759792e-02,  8.61499235e-02,
         1.33908406e-01, -1.52376577e-01,  1.70169249e-01,
        -5.78795262e-02, -8.38247836e-02, -1.53218850e-01,
         1.52564734e-01, -9.40508172e-02, -3.28107476e-02,
        -2.85799429e-02, -3.17314384e-03, -1.33506879e-01,
         1.09129928e-01,  4.17277738e-02,  1.42819226e-01,
        -2.01028474e-02, -1.08127929e-01],
       [-2.12503389e-01, -3.93468440e-02,  1.77960455e-01,
        -2.54720040e-02, -2.36177653e-01, -7.69794285e-02,
        -1.37540758e-01, -5.01639722e-03,  1.87729262e-02,
        -2.05163777e-01,  6.47374317e-02, -3.35250469e-03,
        -2.40847483e-01,  8.82442743e-02,  4.28731777e-02,
         1.78784460e-01,  5.05733229e-02, -1.19875222e-01,
        -8.41576532e-02, -5.76984808e-02, -1.14810400e-01,
         1.32344693e-01,  4.75549698e-02],
       [-1.84738666e-01, -2.06954479e-01, -5.62414341e-02,
         6.43582735e-03, -6.69406131e-02,  1.43090904e-01,
        -9.02837589e-02, -4.64738198e-02, -1.85134634e-01,
        -1.45880468e-02,  1.96386948e-01, -4.36722301e-02,
        -3.09895962e-01, -7.66464546e-02,  1.48424059e-01,
        -2.68858999e-01,  2.78598815e-01,  4.75883260e-02,
        -1.12364497e-02,  1.67434923e-02,  1.82891130e-01,
        -2.67026573e-02,  5.22674955e-02],
       [-1.29307166e-01, -2.99418777e-01,  2.19077110e-01,
        -2.48860776e-01,  1.06351070e-01,  2.02334806e-01,
        -5.66838756e-02,  6.55794516e-02, -6.05035946e-03,
        -8.10328647e-02,  1.31403610e-01,  1.21756598e-01,
         1.64332822e-01, -8.40841420e-03, -1.93308607e-01,
        -1.10633351e-01, -8.80649239e-02,  3.54061462e-02,
        -1.61289737e-01,  3.46197039e-02,  2.35798448e-01,
        -1.49374261e-01, -3.49938385e-02],
       [ 2.11273491e-01,  1.52900979e-01,  2.44894430e-01,
         6.57288134e-02,  1.64182261e-01,  1.46926746e-01,
         1.03078723e-01, -7.62190372e-02, -1.03330016e-01,
         9.33080986e-02, -5.35628982e-02, -6.99886605e-02,
         2.68270195e-01, -1.13895446e-01, -1.47875339e-01,
        -1.23451173e-01, -2.08598971e-02,  2.62176514e-01,
         1.12874724e-01, -1.89160347e-01,  7.67497793e-02,
        -8.08058083e-02, -3.95927317e-02],
       [-1.39821529e-01,  2.58749753e-01, -3.95848565e-02,
         4.72245067e-02,  1.54944628e-01,  4.19024006e-02,
        -9.18162465e-02, -2.14927252e-02, -2.80934691e-01,
         1.10382415e-01, -2.14718580e-01,  4.89600040e-02,
        -6.57544583e-02, -2.43755773e-01,  1.60682313e-02,
         1.94376186e-02, -2.18016263e-02,  4.98883426e-01,
        -5.06550111e-02,  4.45119828e-01,  2.27937624e-02,
        -1.86636776e-01,  3.65587085e-01],
       [ 7.36874121e-04, -2.67158020e-02,  8.36536363e-02,
         3.89387645e-02,  5.94537407e-02, -2.77092695e-01,
         6.11194447e-02,  1.51303619e-01, -7.51103759e-02,
         3.17417264e-01,  2.67823916e-02, -5.30963466e-02,
         2.72757381e-01, -1.71441928e-01,  1.38704002e-01,
        -1.47110716e-01,  1.04950376e-01, -3.53184454e-02,
         1.53144430e-02,  1.03671430e-02,  3.26933384e-01,
        -1.61922574e-02, -1.77993834e-01],
       [-1.74615115e-01, -2.45976999e-01, -1.19146809e-01,
        -2.05083981e-01, -7.01393038e-02, -6.05126545e-02,
        -7.89030790e-02,  9.79638323e-02,  1.14518374e-01,
        -7.08573684e-02,  8.96686167e-02, -7.71267116e-02,
        -2.15336040e-01,  1.19064465e-01,  1.02903180e-01,
         1.79441962e-02,  1.63824543e-01,  1.36151761e-01,
        -1.09598108e-01, -7.76655525e-02,  1.83452696e-01,
        -1.38434201e-01,  7.11628720e-02],
       [-1.33101776e-01,  1.00415275e-01, -2.83320427e-01,
        -1.58074722e-02, -1.10793598e-01,  3.55338007e-01,
        -1.69458732e-01,  1.14574675e-02,  1.30476132e-01,
        -2.08122820e-01,  9.91165079e-03, -5.51234523e-04,
         1.79385357e-02,  8.42521563e-02,  2.15319134e-02,
         1.10449292e-01, -2.81182915e-01, -4.98611480e-02,
         2.94263680e-02, -1.88940346e-01, -2.95723587e-01,
         2.88842395e-02, -3.64235416e-02],
       [-8.05506557e-02, -1.42011061e-01,  1.13377437e-01,
         7.71912113e-02, -2.35393159e-02, -1.01030521e-01,
        -9.87487063e-02,  1.62908852e-01,  3.69107336e-01,
         1.21300660e-01,  1.12918250e-01,  1.34995401e-01,
        -1.02704559e-02, -9.02561191e-03,  3.51144820e-01,
        -9.49870981e-03,  1.78968355e-01,  9.72967073e-02,
        -1.13620080e-01,  1.44071877e-02,  6.25878107e-03,
         5.53354062e-03, -7.04741925e-02],
       [ 1.00606680e-01,  1.01287998e-01,  3.85239236e-02,
         2.66650505e-02,  1.05982041e-02, -8.20985362e-02,
         5.71308024e-02, -2.93982714e-01,  1.33766547e-01,
        -5.71051463e-02, -1.51335029e-02,  4.22447398e-02,
        -1.84230164e-01, -6.25240281e-02,  5.45694046e-02,
        -6.00969866e-02, -2.26129010e-01, -2.73985732e-02,
         2.49054313e-01,  1.22963212e-01, -3.32483575e-02,
         4.51033115e-02,  4.54701893e-02],
       [-1.46465749e-01,  1.69021100e-01,  3.90397489e-01,
        -1.92965299e-01, -1.90051734e-01,  1.13704689e-01,
        -1.09564558e-01,  1.83587208e-01,  2.71033421e-02,
         1.35361448e-01, -1.30952567e-01, -1.07837012e-02,
         1.14137076e-01,  1.76335469e-01, -4.18850482e-01,
         3.11424702e-01, -2.70640887e-02,  4.21630479e-02,
        -4.34582420e-02, -5.58231175e-02,  7.55694509e-02,
        -7.69848702e-03, -2.50271428e-02],
       [ 1.59635425e-01,  2.07628861e-01, -1.40410945e-01,
         9.12799761e-02,  1.86897293e-01,  1.38714775e-01,
        -1.24839678e-01, -5.43285236e-02,  1.84707329e-01,
         6.86880425e-02,  6.64289221e-02,  2.60840476e-01,
        -1.09684803e-02, -5.70534635e-03,  1.68389633e-01,
         2.67886533e-03, -1.62603140e-01,  1.24886513e-01,
         1.36584967e-01,  2.35472232e-01, -9.20364559e-02,
        -4.29928582e-03, -1.47079155e-01],
       [ 2.38123924e-01,  7.55705088e-02,  2.26857677e-01,
         8.45032036e-02,  1.36228994e-01, -3.31098825e-01,
         1.86621308e-01, -9.51729491e-02,  2.26955399e-01,
        -5.65206334e-02,  2.91965082e-02, -5.74770570e-02,
         1.16228133e-01, -6.68148547e-02, -2.60679245e-01,
        -4.08173352e-02, -1.99554488e-01, -2.02637658e-01,
         7.20520914e-02,  2.13569589e-02,  7.22482204e-02,
        -1.30492777e-01,  1.49464905e-01],
       [-4.88812197e-03,  1.55408546e-01, -3.21578413e-01,
        -6.22705929e-02, -1.24129064e-01,  1.49838729e-02,
        -8.48283246e-02,  1.78573281e-01,  1.59261525e-01,
         1.34642690e-01,  2.68559813e-01, -1.36333168e-01,
         2.58011788e-01, -4.16716933e-02, -2.49605864e-01,
         1.60336867e-01, -2.98736125e-01,  2.05337927e-01,
        -8.71281624e-02,  4.53681760e-02, -2.65260786e-01,
        -1.51802078e-01,  1.38478607e-01],
       [-8.88076499e-02, -1.89957738e-01, -3.72803546e-02,
        -2.48931125e-02,  1.15211770e-01,  3.50698262e-01,
         4.89911325e-02, -1.24413975e-01, -1.85333028e-01,
        -1.95821211e-01, -2.34786153e-01, -5.82395904e-02,
         1.51159152e-01, -8.87546390e-02, -7.08494857e-02,
        -3.66341248e-02, -2.77227163e-01, -1.07104525e-01,
        -6.97627058e-03, -1.57259405e-01, -1.15773022e-01,
         3.30857486e-02, -5.29067665e-02],
       [-2.19993278e-01,  1.19843379e-01,  1.33222327e-01,
        -1.38772473e-01, -3.45936082e-02,  2.44885221e-01,
        -5.97707033e-02, -3.51950973e-02,  3.83339846e-03,
         2.13769346e-01, -3.21944237e-01, -4.64738980e-02,
         1.81322657e-02, -6.37600292e-03, -9.29694250e-02,
         1.73193395e-01,  1.03794657e-01, -2.91693527e-02,
         9.69623402e-02,  2.46655127e-05, -8.86718482e-02,
         1.07064836e-01, -2.53521472e-01],
       [ 1.68145597e-01,  1.01559162e-01, -2.00570881e-01,
         8.33661016e-03,  1.90040573e-01,  1.25277176e-01,
        -8.41528177e-02, -1.28211960e-01, -1.62002146e-01,
        -1.76582888e-01,  1.50287613e-01, -1.33018374e-01,
         4.15212438e-02, -4.91742007e-02, -2.11776689e-01,
        -3.06145757e-01, -1.07843570e-01, -1.28205158e-02,
        -1.41523808e-01,  1.06020801e-01, -1.65862422e-02,
        -2.74967909e-01,  2.15385377e-01],
       [ 3.29224356e-02,  2.58840233e-01, -1.37175635e-01,
        -2.06471920e-01, -4.67942841e-02, -8.14598501e-02,
         6.90404400e-02,  5.33975512e-02,  4.06063199e-01,
        -2.56527215e-01, -1.46767087e-02, -2.49447301e-04,
         1.25349626e-01,  1.41899750e-01,  5.45943044e-02,
         2.80953228e-01, -6.36347309e-02, -2.02489085e-02,
        -1.76844612e-01,  4.33110088e-01, -3.64321530e-01,
         1.70061782e-01,  8.04941282e-02],
       [-7.12722689e-02, -3.41520905e-01, -3.62642825e-01,
         7.76555315e-02,  4.84413579e-02,  2.59668618e-01,
         1.88469470e-01, -8.26616213e-02,  1.49341539e-01,
         1.87545583e-01, -1.72092408e-01, -1.43849358e-01,
         3.15685384e-02, -1.67599395e-01,  1.46383643e-01,
        -7.73281306e-02,  7.44734332e-02, -6.77441955e-02,
        -4.92204912e-03,  7.13513047e-02, -1.26905277e-01,
        -2.66050436e-02,  1.02753371e-01],
       [-2.12744921e-01,  8.89154822e-02,  2.15733334e-01,
        -1.15446500e-01,  4.14384119e-02,  1.49546295e-01,
        -2.44217232e-01, -1.94521338e-01,  4.89769548e-01,
         5.68080358e-02, -1.58149943e-01, -2.93072999e-01,
         8.22002534e-03, -1.08601749e-02,  6.02740049e-02,
        -2.24424340e-02, -4.98743467e-02, -1.78177416e-01,
         6.00406528e-02,  8.50780159e-02, -6.94398284e-02,
        -4.06815618e-01, -1.34812698e-01],
       [-1.16185404e-01,  2.58936137e-01, -4.36036140e-01,
        -5.03059149e-01, -2.04809085e-02, -2.78710842e-01,
         1.06891841e-01, -1.61956370e-01,  2.68824786e-01,
        -2.74643183e-01, -2.33919725e-01, -2.68885463e-01,
        -3.45799676e-03,  5.16469441e-02, -2.52329439e-01,
        -9.92783979e-02,  1.22718878e-01, -1.05660044e-01,
         1.35649711e-01, -2.13616397e-02, -5.69989532e-02,
        -3.48952622e-03,  8.70933086e-02],
       [ 3.00282776e-01,  2.23377272e-01,  2.97394425e-01,
         8.77302438e-02,  2.18617901e-01,  3.17211449e-02,
        -3.43379110e-01,  2.72255182e-01, -2.30713576e-01,
        -6.58513885e-03,  3.91553134e-01,  2.36651879e-02,
        -5.57605512e-02,  2.08595142e-01,  1.34068169e-02,
        -2.15219617e-01,  1.43428177e-01,  9.68749002e-02,
        -2.82397687e-01, -1.22835122e-01,  3.30414623e-04,
        -2.18329728e-01, -1.91997856e-01],
       [ 2.19756991e-01,  2.47009724e-01, -8.76506642e-02,
         3.67478400e-01,  2.07144797e-01,  3.42860103e-01,
        -2.08391137e-02, -1.19158462e-01,  1.13625504e-01,
        -2.05001533e-01, -2.21965998e-01,  2.30472252e-01,
        -4.81161475e-03,  1.68503553e-01,  4.19864237e-01,
         1.38854027e-01,  8.18045065e-02, -2.09969744e-01,
         1.81343913e-01, -9.57155004e-02, -2.33875424e-01,
        -4.22476884e-03, -3.16486955e-01],
       [-2.42932260e-01, -3.75934690e-02, -1.55198097e-01,
         8.22226405e-02, -1.10968128e-01,  3.35424304e-01,
        -8.80347863e-02,  8.72431323e-02, -3.29252630e-01,
         1.89441100e-01,  5.48117347e-02, -1.07702188e-01,
         2.73961514e-01, -2.29251370e-01,  9.72535610e-02,
         2.55279630e-01, -3.44280005e-01,  1.32965550e-01,
        -8.86890218e-02,  1.70029804e-01, -2.49807071e-03,
        -3.49271372e-02, -1.30162373e-01],
       [-1.08210467e-01, -1.59269348e-01,  1.21634675e-03,
         1.77277625e-01, -1.10515647e-01, -1.13358900e-01,
        -2.41075873e-01,  1.84331968e-01, -3.63702103e-02,
         2.58534312e-01,  5.06452173e-02,  8.12212378e-02,
        -1.31702915e-01,  5.37343696e-02,  5.53819612e-02,
         1.68348640e-01,  1.83461718e-02, -2.20589623e-01,
         1.47072012e-02, -6.57929704e-02, -1.53024420e-01,
         1.06073149e-01, -8.23304802e-02],
       [-7.36916857e-03, -1.44853920e-01, -3.24177533e-01,
        -2.18685046e-01, -8.98167565e-02,  2.50348598e-01,
         1.92730352e-01,  6.90214857e-02,  1.74480259e-01,
         8.94774795e-02,  9.72395390e-02,  2.56346136e-01,
        -1.08452216e-01,  1.14024937e-01, -4.07264858e-01,
         5.57463206e-02,  2.43922882e-02, -2.20773611e-02,
         2.93915644e-02,  1.68771610e-01, -1.76792443e-02,
         1.62290856e-01,  1.05809532e-01],
       [-6.48482665e-02,  5.81808239e-02,  1.63527250e-01,
         3.56867053e-02, -1.45997643e-01,  3.54185551e-01,
        -8.49956870e-02, -9.57339406e-02, -5.14484882e-01,
        -9.59887207e-02, -1.36224583e-01, -5.31840101e-02,
         4.09094803e-02, -5.00988290e-02,  7.74993822e-02,
        -2.73115505e-02, -1.38095975e-01,  3.03740203e-01,
         2.48663902e-01, -1.96516529e-01,  7.48917460e-02,
         4.05295223e-01, -1.57567039e-02]], dtype=float32)]
1.6580261
======================================
CURRENT TRAINING PARAMETERS
======================================
Step Size Value            :  0.5
Train Error Threshold      :  1e-06
Validation Error Threshold :  1e-06
Maximum number of Epochs   :  10000
Batch Size   :  250
--------------------------------------
Epoch No:  1000  |   Training error:  0.0006947535
                   Validation error:  0.000976269
---------------------------------------------------------------------------------------------------
Epoch No:  2000  |   Training error:  0.0005407938
                   Validation error:  0.0008727787
---------------------------------------------------------------------------------------------------
Epoch No:  3000  |   Training error:  0.0003028436
                   Validation error:  0.00056236534
---------------------------------------------------------------------------------------------------
Epoch No:  4000  |   Training error:  0.00026706644
                   Validation error:  0.0005195942
---------------------------------------------------------------------------------------------------
Epoch No:  5000  |   Training error:  0.00021505337
                   Validation error:  0.0004615782
---------------------------------------------------------------------------------------------------
Epoch No:  6000  |   Training error:  0.00021104566
                   Validation error:  0.00043865634
---------------------------------------------------------------------------------------------------
Epoch No:  7000  |   Training error:  0.00015391696
                   Validation error:  0.0003887084
---------------------------------------------------------------------------------------------------
Epoch No:  8000  |   Training error:  0.00015740824
                   Validation error:  0.00038720976
---------------------------------------------------------------------------------------------------
Epoch No:  9000  |   Training error:  0.00015269873
                   Validation error:  0.00038998434
---------------------------------------------------------------------------------------------------
Epoch No:  10000  |   Training error:  0.000117697055
                    Validation error:  0.00035318008
---------------------------------------------------------------------------------------------------
Current Training Error  : 0.000117697055
Current Validation Error      : 0.00035318008
======================================
CURRENT TRAINING PARAMETERS
======================================
Step Size Value            :  0.3
Train Error Threshold      :  1e-06
Validation Error Threshold :  1e-06
Maximum number of Epochs   :  10000
Batch Size   :  250
--------------------------------------
Epoch No:  1000  |   Training error:  0.00010565216
                   Validation error:  0.0003401078
---------------------------------------------------------------------------------------------------
Epoch No:  2000  |   Training error:  9.567477e-05
                   Validation error:  0.00032533117
---------------------------------------------------------------------------------------------------
Epoch No:  3000  |   Training error:  8.922417e-05
                   Validation error:  0.00031726327
---------------------------------------------------------------------------------------------------
Epoch No:  4000  |   Training error:  8.4372026e-05
                   Validation error:  0.00031744715
---------------------------------------------------------------------------------------------------
Epoch No:  5000  |   Training error:  8.535447e-05
                   Validation error:  0.00032319312
---------------------------------------------------------------------------------------------------
Epoch No:  6000  |   Training error:  8.391259e-05
                   Validation error:  0.0003212013
---------------------------------------------------------------------------------------------------
Epoch No:  7000  |   Training error:  7.181422e-05
                   Validation error:  0.00031841127
---------------------------------------------------------------------------------------------------
Epoch No:  8000  |   Training error:  7.079337e-05
                   Validation error:  0.0003233082
---------------------------------------------------------------------------------------------------
Epoch No:  9000  |   Training error:  6.640489e-05
                   Validation error:  0.00031846113
---------------------------------------------------------------------------------------------------
Epoch No:  10000  |   Training error:  6.27915e-05
                    Validation error:  0.00032008532
---------------------------------------------------------------------------------------------------
Current Training Error  : 6.27915e-05
Current Validation Error      : 0.00032008532
======================================
CURRENT TRAINING PARAMETERS
======================================
Step Size Value            :  0.1
Train Error Threshold      :  1e-07
Validation Error Threshold :  1e-07
Maximum number of Epochs   :  10000
Batch Size   :  250
--------------------------------------
Epoch No:  1000  |   Training error:  6.136204e-05
                   Validation error:  0.0003191895
---------------------------------------------------------------------------------------------------
Epoch No:  2000  |   Training error:  6.0547973e-05
                   Validation error:  0.00031953753
---------------------------------------------------------------------------------------------------
Epoch No:  3000  |   Training error:  5.9657497e-05
                   Validation error:  0.00031989487
---------------------------------------------------------------------------------------------------
Epoch No:  4000  |   Training error:  5.897599e-05
                   Validation error:  0.00031980514
---------------------------------------------------------------------------------------------------
Epoch No:  5000  |   Training error:  5.8257454e-05
                   Validation error:  0.00031939964
---------------------------------------------------------------------------------------------------
Epoch No:  6000  |   Training error:  5.7639798e-05
                   Validation error:  0.00031910161
---------------------------------------------------------------------------------------------------
Epoch No:  7000  |   Training error:  5.7083373e-05
                   Validation error:  0.0003192862
---------------------------------------------------------------------------------------------------
Epoch No:  8000  |   Training error:  5.626843e-05
                   Validation error:  0.00031944297
---------------------------------------------------------------------------------------------------
Epoch No:  9000  |   Training error:  5.586049e-05
                   Validation error:  0.000318947
---------------------------------------------------------------------------------------------------
Epoch No:  10000  |   Training error:  5.5346456e-05
                    Validation error:  0.00031886547
---------------------------------------------------------------------------------------------------
Current Training Error  : 5.5346456e-05
Current Validation Error      : 0.00031886547
======================================
CURRENT TRAINING PARAMETERS
======================================
Step Size Value            :  0.09
Train Error Threshold      :  1e-08
Validation Error Threshold :  1e-08
Maximum number of Epochs   :  10000
Batch Size   :  250
--------------------------------------
Epoch No:  1000  |   Training error:  5.462893e-05
                   Validation error:  0.00031773042
---------------------------------------------------------------------------------------------------
Epoch No:  2000  |   Training error:  5.420655e-05
                   Validation error:  0.00031799724
---------------------------------------------------------------------------------------------------
Epoch No:  3000  |   Training error:  5.3606836e-05
                   Validation error:  0.00031724057
---------------------------------------------------------------------------------------------------
Epoch No:  4000  |   Training error:  5.3255433e-05
                   Validation error:  0.00031675672
---------------------------------------------------------------------------------------------------
Epoch No:  5000  |   Training error:  5.2717656e-05
                   Validation error:  0.0003164684
---------------------------------------------------------------------------------------------------
Epoch No:  6000  |   Training error:  5.2332398e-05
                   Validation error:  0.0003158199
---------------------------------------------------------------------------------------------------
Epoch No:  7000  |   Training error:  5.1892912e-05
                   Validation error:  0.00031637974
---------------------------------------------------------------------------------------------------
Epoch No:  8000  |   Training error:  5.146339e-05
                   Validation error:  0.00031548363
---------------------------------------------------------------------------------------------------
Epoch No:  9000  |   Training error:  5.1067025e-05
                   Validation error:  0.00031507955
---------------------------------------------------------------------------------------------------
Epoch No:  10000  |   Training error:  5.0810617e-05
                    Validation error:  0.00031432515
---------------------------------------------------------------------------------------------------
Current Training Error  : 5.0810617e-05
Current Validation Error      : 0.00031432515
======================================
CURRENT TRAINING PARAMETERS
======================================
Step Size Value            :  0.08
Train Error Threshold      :  1e-08
Validation Error Threshold :  1e-08
Maximum number of Epochs   :  5000
Batch Size   :  250
--------------------------------------
Epoch No:  1000  |   Training error:  5.032841e-05
                   Validation error:  0.00031385012
---------------------------------------------------------------------------------------------------
Epoch No:  2000  |   Training error:  5.0016683e-05
                   Validation error:  0.00031436092
---------------------------------------------------------------------------------------------------
Epoch No:  3000  |   Training error:  4.9685295e-05
                   Validation error:  0.00031408918
---------------------------------------------------------------------------------------------------
Epoch No:  4000  |   Training error:  4.934571e-05
                   Validation error:  0.00031322995
---------------------------------------------------------------------------------------------------
Epoch No:  5000  |   Training error:  4.9082057e-05
                   Validation error:  0.0003128965
---------------------------------------------------------------------------------------------------
Current Training Error  : 4.9082057e-05
Current Validation Error      : 0.0003128965
======================================
CURRENT TRAINING PARAMETERS
======================================
Step Size Value            :  0.05
Train Error Threshold      :  1e-08
Validation Error Threshold :  1e-08
Maximum number of Epochs   :  5000
Batch Size   :  250
--------------------------------------
Epoch No:  1000  |   Training error:  4.876571e-05
                   Validation error:  0.00031299496
---------------------------------------------------------------------------------------------------
Epoch No:  2000  |   Training error:  4.8563328e-05
                   Validation error:  0.00031281344
---------------------------------------------------------------------------------------------------
Epoch No:  3000  |   Training error:  4.8398622e-05
                   Validation error:  0.00031235864
---------------------------------------------------------------------------------------------------
Epoch No:  4000  |   Training error:  4.8181875e-05
                   Validation error:  0.00031238355
---------------------------------------------------------------------------------------------------
Epoch No:  5000  |   Training error:  4.8043352e-05
                   Validation error:  0.00031242278
---------------------------------------------------------------------------------------------------
Current Training Error  : 4.8043352e-05
Current Validation Error      : 0.00031242278
======================================
CURRENT TRAINING PARAMETERS
======================================
Step Size Value            :  0.01
Train Error Threshold      :  1e-08
Validation Error Threshold :  1e-08
Maximum number of Epochs   :  5000
Batch Size   :  250
--------------------------------------
Epoch No:  1000  |   Training error:  4.7942794e-05
                   Validation error:  0.00031206175
---------------------------------------------------------------------------------------------------
Epoch No:  2000  |   Training error:  4.7904257e-05
                   Validation error:  0.00031211722
---------------------------------------------------------------------------------------------------
Epoch No:  3000  |   Training error:  4.7866866e-05
                   Validation error:  0.00031202458
---------------------------------------------------------------------------------------------------
Epoch No:  4000  |   Training error:  4.7829424e-05
                   Validation error:  0.00031202147
---------------------------------------------------------------------------------------------------
Epoch No:  5000  |   Training error:  4.779273e-05
                   Validation error:  0.00031198814
---------------------------------------------------------------------------------------------------
Current Training Error  : 4.779273e-05
Current Validation Error      : 0.00031198814
4.779273e-05
---   OUTPUT COMPENSATED STATE TRAINING COMPLETE   ---
                                       0  ...                6
x_hidden_variable_list   [10, 10, 10, 8]  ...  [10, 10, 10, 8]
activation flag                        3  ...                3
activation function                 tanh  ...             tanh
no of epochs                       10000  ...             5000
batch size                           250  ...              250
step size                            0.5  ...             0.01
training error               0.000117697  ...      4.77927e-05
validation error              0.00035318  ...      0.000311988
r^2 training accuracy            99.8578  ...          99.9641
r^2 validation accuracy          99.3769  ...          99.3214
MSE training                 0.000117697  ...      4.77927e-05
MSE validation                0.00035318  ...      0.000311988

[12 rows x 7 columns]
[[ 0.90624803  0.00432352 -0.04335985 ... -0.0062387  -0.00617658
  -0.00923531]
 [ 0.00318308  0.82924807 -0.19346853 ... -0.00776427 -0.00593326
  -0.00435604]
 [ 0.00251477 -0.12750228  0.83125061 ... -0.00485895  0.00153609
  -0.00894134]
 ...
 [ 0.          0.          0.         ...  0.63084668  0.13745499
   0.11215765]
 [ 0.          0.          0.         ...  0.05191729  0.70143384
   0.68882233]
 [ 0.          0.          0.         ... -0.04896009  0.12778951
   0.21431492]]
Eigen values: 
[1.         0.60339941 0.58972971 0.58972971 0.38179342 0.38179342
 0.32778412 0.32778412 0.06939663 0.23278155 0.23278155 0.11525616
 0.21502754 0.41833186 0.41833186 0.36611605 0.45489754 0.57260611
 0.57260611 0.69397142 0.78834284 0.78834284 0.76586155 0.84116166
 0.86756397 0.86756397 0.92390671 0.92390671 0.96264264 0.97975742
 1.00472324 0.9998703  0.9998703  1.00033988 1.00010709 0.61030748
 0.61030748 0.29372974 0.29372974 1.01538673 0.98715536 0.98715536
 0.91057761 0.56758445 0.56758445 0.67935457]
[COMP] The identified Koopman operator is UNSTABLE with  4 eigenvalues greater than 1
------ ------ -----
----- Run Info ----
------ ------ -----
                                   0            1            2            3
x_hidden_variable_list            10           10           10            8
activation flag                    3            3            3            3
activation function             tanh         tanh         tanh         tanh
no of epochs                   10000        10000        10000        10000
batch size                       250          250          250          250
step size                        0.5          0.5          0.5          0.5
training error           0.000117697  0.000117697  0.000117697  0.000117697
validation error          0.00035318   0.00035318   0.00035318   0.00035318
r^2 training accuracy        99.8578      99.8578      99.8578      99.8578
r^2 validation accuracy      99.3769      99.3769      99.3769      99.3769
MSE training             0.000117697  0.000117697  0.000117697  0.000117697
MSE validation            0.00035318   0.00035318   0.00035318   0.00035318
-----     -----     -----     -----     -----     -----     -----     -----     -----     -----     -----
                                   0            1            2            3
x_hidden_variable_list            10           10           10            8
activation flag                    3            3            3            3
activation function             tanh         tanh         tanh         tanh
no of epochs                   10000        10000        10000        10000
batch size                       250          250          250          250
step size                        0.3          0.3          0.3          0.3
training error           6.27915e-05  6.27915e-05  6.27915e-05  6.27915e-05
validation error         0.000320085  0.000320085  0.000320085  0.000320085
r^2 training accuracy        99.9496      99.9496      99.9496      99.9496
r^2 validation accuracy      99.3503      99.3503      99.3503      99.3503
MSE training             6.27915e-05  6.27915e-05  6.27915e-05  6.27915e-05
MSE validation           0.000320085  0.000320085  0.000320085  0.000320085
-----     -----     -----     -----     -----     -----     -----     -----     -----     -----     -----
                                   0            1            2            3
x_hidden_variable_list            10           10           10            8
activation flag                    3            3            3            3
activation function             tanh         tanh         tanh         tanh
no of epochs                   10000        10000        10000        10000
batch size                       250          250          250          250
step size                        0.1          0.1          0.1          0.1
training error           5.53465e-05  5.53465e-05  5.53465e-05  5.53465e-05
validation error         0.000318865  0.000318865  0.000318865  0.000318865
r^2 training accuracy        99.9581      99.9581      99.9581      99.9581
r^2 validation accuracy      99.3283      99.3283      99.3283      99.3283
MSE training             5.53465e-05  5.53465e-05  5.53465e-05  5.53465e-05
MSE validation           0.000318865  0.000318865  0.000318865  0.000318865
-----     -----     -----     -----     -----     -----     -----     -----     -----     -----     -----
                                   0            1            2            3
x_hidden_variable_list            10           10           10            8
activation flag                    3            3            3            3
activation function             tanh         tanh         tanh         tanh
no of epochs                   10000        10000        10000        10000
batch size                       250          250          250          250
step size                       0.09         0.09         0.09         0.09
training error           5.08106e-05  5.08106e-05  5.08106e-05  5.08106e-05
validation error         0.000314325  0.000314325  0.000314325  0.000314325
r^2 training accuracy        99.9622      99.9622      99.9622      99.9622
r^2 validation accuracy      99.3243      99.3243      99.3243      99.3243
MSE training             5.08106e-05  5.08106e-05  5.08106e-05  5.08106e-05
MSE validation           0.000314325  0.000314325  0.000314325  0.000314325
-----     -----     -----     -----     -----     -----     -----     -----     -----     -----     -----
                                   0            1            2            3
x_hidden_variable_list            10           10           10            8
activation flag                    3            3            3            3
activation function             tanh         tanh         tanh         tanh
no of epochs                    5000         5000         5000         5000
batch size                       250          250          250          250
step size                       0.08         0.08         0.08         0.08
training error           4.90821e-05  4.90821e-05  4.90821e-05  4.90821e-05
validation error         0.000312897  0.000312897  0.000312897  0.000312897
r^2 training accuracy        99.9635      99.9635      99.9635      99.9635
r^2 validation accuracy      99.3224      99.3224      99.3224      99.3224
MSE training             4.90821e-05  4.90821e-05  4.90821e-05  4.90821e-05
MSE validation           0.000312897  0.000312897  0.000312897  0.000312897
-----     -----     -----     -----     -----     -----     -----     -----     -----     -----     -----
                                   0            1            2            3
x_hidden_variable_list            10           10           10            8
activation flag                    3            3            3            3
activation function             tanh         tanh         tanh         tanh
no of epochs                    5000         5000         5000         5000
batch size                       250          250          250          250
step size                       0.05         0.05         0.05         0.05
training error           4.80434e-05  4.80434e-05  4.80434e-05  4.80434e-05
validation error         0.000312423  0.000312423  0.000312423  0.000312423
r^2 training accuracy        99.9643      99.9643      99.9643      99.9643
r^2 validation accuracy      99.3205      99.3205      99.3205      99.3205
MSE training             4.80434e-05  4.80434e-05  4.80434e-05  4.80434e-05
MSE validation           0.000312423  0.000312423  0.000312423  0.000312423
-----     -----     -----     -----     -----     -----     -----     -----     -----     -----     -----
                                   0            1            2            3
x_hidden_variable_list            10           10           10            8
activation flag                    3            3            3            3
activation function             tanh         tanh         tanh         tanh
no of epochs                    5000         5000         5000         5000
batch size                       250          250          250          250
step size                       0.01         0.01         0.01         0.01
training error           4.77927e-05  4.77927e-05  4.77927e-05  4.77927e-05
validation error         0.000311988  0.000311988  0.000311988  0.000311988
r^2 training accuracy        99.9641      99.9641      99.9641      99.9641
r^2 validation accuracy      99.3214      99.3214      99.3214      99.3214
MSE training             4.77927e-05  4.77927e-05  4.77927e-05  4.77927e-05
MSE validation           0.000311988  0.000311988  0.000311988  0.000311988
-----     -----     -----     -----     -----     -----     -----     -----     -----     -----     -----
